#Parameters = {z_beam=0; z_path=0; arc_angle=1.6139656200868; central_vac_external_radius=45; central_vac_length=35; copper_sheet_external_radius=35.5; copper_sheet_internal_radius=35; disk_vac_length=2; disk_vac_radius=55; disk_vac_trasl=10; finger_a=10; finger_blend_radius=1; finger_t=1; finger_transl=2.5; fingers_rep=70; meshCells=5.5; mesh_dx=0.2; mesh_dy=0.2; mesh_dz=0.2; pipe_external_radius=35.5; pipe_internal_radius=0; pipe_length=150; sigma_y=0.4; sigma_z=0.4; small_finger_grace_length=0; small_finger_rot=5; small_finger_width=0.1; wakelength=200; x_beam=8; x_path=-8; y_beam=0; y_path=0}
#""	"Mix 1DC [Re]"	"Mix 1DC [Im]"
#--------------------------------
0.00000000000000	-2.5895763157756e-12	-6.5044308461418
0.25597861528590	-6.9943340551114	-3.5973267916702
0.51195723057179	-9.7235930647168	3.1243809591054
0.76793584585769	-7.0343169036538	9.2091611907370
1.0239144611436	-1.5151403293978	11.117711578875
1.2798930764295	2.7486187055246	8.6706199776362
1.5358716917154	3.3359285604284	4.7154781665524
1.7918503070013	0.99367748226432	2.5279027420934
2.0478289222872	-1.5245139951393	3.2583628379326
2.3038075375731	-2.0121561995798	5.4647239741286
2.5597861528590	-0.48248808429202	6.8157708903136
2.8157647681449	1.2924785669780	6.2287082441986
3.0717433834308	1.6558335772150	4.5683783063938
3.3277219987167	0.51705774129096	3.5310776248532
3.5837006140025	-0.82825573723292	3.9745940108110
3.8396792292884	-1.1016898111709	5.2711657993038
4.0956578445743	-0.21330134929874	6.1203481362340
4.3516364598602	0.84608926284532	5.8637446319636
4.6076150751461	1.1147906908063	5.0019303513096
4.8635936904320	0.58571860122450	4.5268046795882
5.1195723057179	0.075702178725302	4.8596404012440
5.3755509210038	0.28396204096880	5.4819049857070
5.6315295362897	1.0569391943075	5.5608301768380
5.8875081515756	1.5858807410211	4.8592888599182
6.1434867668615	1.2783793656493	3.9861090118526
6.3994653821474	0.38285688945968	3.7622272684664
6.6554439974333	-0.26120858045436	4.3795414700640
6.9114226127192	-0.069549815879968	5.2104402875216
7.1674012280051	0.71046514517842	5.4436522088256
7.4233798432910	1.2632010915626	4.8914838733882
7.6793584585769	1.0267788176877	4.1623382317154
7.9353370738628	0.24840710535526	4.0428227230324
8.1913156891487	-0.26632564724346	4.7153343102256
8.4472943044346	0.054529411645370	5.5789858226186
8.7032729197205	0.99783029121846	5.8308302321386
8.9592515350064	1.7760172603110	5.2252974618002
9.2152301502923	1.7700170630913	4.2831688023264
9.4712087655782	1.0794024883873	3.7798950148592
9.7271873808641	0.37754314228960	4.0335411704808
9.9831659961500	0.25531841170534	4.6672845879966
10.239144611436	0.70238093969506	5.0270068760516
10.495123226722	1.1924113010510	4.8070877874892
10.751101842008	1.2312650372748	4.2839306941586
11.007080457294	0.80747305159090	3.9842352799414
11.263059072579	0.33659076108492	4.1649369609828
11.519037687865	0.21578475549418	4.6166457583412
11.775016303151	0.46195127232656	4.9331437923524
12.030994918437	0.76735416571726	4.9241344949726
12.286973533723	0.85831703238624	4.7505715229188
12.542952149009	0.75842323161526	4.6896130789732
12.798930764295	0.70374682746766	4.8196562377498
13.054909379581	0.84391166383842	4.9632012677952
13.310887994867	1.0724439391545	4.9196531120294
13.566866610153	1.1610416647065	4.7079006134506
13.822845225438	1.0301979713217	4.5474481088704
14.078823840724	0.84673753672358	4.6076456227258
14.334802456010	0.83952626340188	4.8109370712926
14.590781071296	1.0395047164317	4.9129281515364
14.846759686582	1.2353805264636	4.7747061504398
15.102738301868	1.2012388729057	4.5276480005136
15.358716917154	0.95217995137958	4.4422956224310
15.614695532440	0.74448743916736	4.6335061782716
15.870674147726	0.80603578848448	4.9203208764268
16.126652763011	1.0780928685461	5.0056589244350
16.382631378297	1.2541375619870	4.8014277416330
16.638609993583	1.0983462676612	4.5549508393664
16.894588608869	0.72432153315028	4.6206207518738
17.150567224155	0.53160919285726	5.0852418966314
17.406545839441	0.83115924056438	5.6252966540202
17.662524454727	1.5125696334836	5.7656705347262
17.918503070013	2.0888565801932	5.3179412431132
18.174481685299	2.1036201459274	4.5868060583606
18.430460300585	1.5370660665940	4.1373872624672
18.686438915870	0.83868270842712	4.3223983222030
18.942417531156	0.55434236546254	4.9898164856968
19.198396146442	0.88058814448108	5.6232676105678
19.454374761728	1.5305834164850	5.7762556742292
19.710353377014	2.0024921770018	5.4152397927434
19.966331992300	1.9900250090383	4.8975469341364
20.222310607586	1.5847909921078	4.6477730820536
20.478289222872	1.1419556937164	4.8370838511404
20.734267838158	0.97795640899770	5.3150549456774
20.990246453443	1.1695382079777	5.7882487582702
21.246225068729	1.5758559705495	6.0444940281314
21.502203684015	1.9932232163146	6.0454700082532
21.758182299301	2.2804361300008	5.8771234844648
22.014160914587	2.3871616120038	5.6642494533470
22.270139529873	2.3350525105418	5.5258908953876
22.526118145159	2.2106701055734	5.5527586171112
22.782096760445	2.1538895309626	5.7625400137760
23.038075375731	2.2910765288784	6.0571956464604
23.294053991017	2.6306181100668	6.2594288453714
23.550032606302	3.0247736076786	6.2463777797536
23.806011221588	3.2765123167100	6.0748144524506
24.061989836874	3.3256420893448	5.9552876166162
24.317968452160	3.3338427525348	6.0603511183504
24.573947067446	3.5527767300502	6.3349103064016
24.829925682732	4.0721953891616	6.5135820029440
25.085904298018	4.6963394385212	6.3666681321200
25.341882913304	5.1066288575122	5.9529425105966
25.597861528590	5.1912329939644	5.6080650883988
25.853840143876	5.2228121341342	5.6273093838552
26.109818759161	5.6657740125226	5.9124669079254
26.365797374447	6.7334254627044	5.9365661754046
26.621775989733	8.0822548561656	5.1228040896592
26.877754605019	8.9539961408282	3.3514568159906
27.133733220305	8.6981733922728	1.1578666435976
27.389711835591	7.2635375437250	-0.57565760039558
27.645690450877	5.2554474517718	-1.2040931446524
27.901669066163	3.5172323661578	-0.71834834649632
28.157647681449	2.5832801998210	0.33509104481588
28.413626296734	2.4268226156846	1.3002317494288
28.669604912020	2.6406646999866	1.8342204228717
28.925583527306	2.8244521581398	1.9996322214883
29.181562142592	2.8341677017434	2.0455440881324
29.437540757878	2.7462875203880	2.1446534316520
29.693519373164	2.6715753830266	2.3146020592328
29.949497988450	2.6451891115766	2.5142979468322
30.205476603736	2.6688634677428	2.7370956872352
30.461455219022	2.7858683281768	2.9816308138696
30.717433834308	3.0491801913608	3.1684700294716
30.973412449593	3.4040766004742	3.1561764574568
31.229391064879	3.6476687021246	2.8916051725326
31.485369680165	3.5717380319234	2.5429937768626
31.741348295451	3.1879597181972	2.4340080675472
31.997326910737	2.8033653629904	2.7823367224462
32.253305526023	2.8224758439882	3.4667213658190
32.509284141309	3.4153405444514	4.0620960036370
32.765262756595	4.3468442358378	4.1511755334220
33.021241371881	5.1403195927426	3.6554923220650
33.277219987167	5.4487721401790	2.8923548970702
33.533198602452	5.3134010711136	2.3037347101048
33.789177217738	5.0894183336424	2.0965447109770
34.045155833024	5.1190951024188	2.1050511764686
34.301134448310	5.4480182187558	1.9744097095544
34.557113063596	5.8178986404372	1.4780809947197
34.813091678882	5.9053534615322	0.68840121012182
35.069070294168	5.5711265155150	-0.11441371117620
35.325048909454	4.9184675853370	-0.66727148277072
35.581027524740	4.1662753475078	-0.87154492694322
35.837006140025	3.4986679135042	-0.77687696383244
36.092984755311	3.0169919368308	-0.48917839213266
36.348963370597	2.7688134873958	-0.12590713800212
36.604941985883	2.7499999202046	0.17211825356477
36.860920601169	2.8542657901298	0.26575451245626
37.116899216455	2.8673601518216	0.12661305485586
37.372877831741	2.5975565965488	-0.067436886889766
37.628856447027	2.0763427757254	-0.0044974532086952
37.884835062313	1.6247783734517	0.50583545332826
38.140813677599	1.6482919502101	1.2950592396975
38.396792292884	2.2762379412986	1.8734648218443
38.652770908170	3.1624331315476	1.7873518915455
38.908749523456	3.6793811995542	1.0282447597385
39.164728138742	3.4031012104774	0.12098597707316
39.420706754028	2.4938176175584	-0.24128502669294
39.676685369314	1.6212958386547	0.25190358693342
39.932663984600	1.4569693438125	1.2526120651263
40.188642599886	2.1374310600020	2.0065659647896
40.444621215172	3.1469227526956	1.9420665494352
40.700599830458	3.7206075261440	1.1158391512348
40.956578445743	3.4368143218876	0.15734947827595
41.212557061029	2.5219738963624	-0.22658996276934
41.468535676315	1.6483046803569	0.22390697998994
41.724514291601	1.4202736165236	1.1689434087242
41.980492906887	1.9631935291891	1.9593892542458
42.236471522173	2.8935741869202	2.1020568649888
42.492450137459	3.6270100363110	1.5514221573260
42.748428752745	3.7556637827352	0.67367141095400
43.004407368031	3.2513140530592	-0.017895153024754
43.260385983316	2.4301519365420	-0.15134049463619
43.516364598602	1.7627464922899	0.33287526664828
43.772343213888	1.6392952615285	1.1637170891270
44.028321829174	2.1685543623800	1.8626410520860
44.284300444460	3.0853244933606	1.9833215341423
44.540279059746	3.8500135839178	1.3882114420363
44.796257675032	3.9547375734218	0.39684409508764
45.052236290318	3.2874439214788	-0.35502805988138
45.308214905604	2.2827276903672	-0.33020946003236
45.564193520890	1.6750660505197	0.48585534445178
45.820172136175	1.9681510811506	1.5038303043534
46.076150751461	3.0119137659556	1.9257753173673
46.332129366747	4.0596093594014	1.3586937830241
46.588107982033	4.3170553868110	0.15872586680272
46.844086597319	3.5732392862700	-0.80831294192618
47.100065212605	2.3937889726030	-0.83455368425416
47.356043827891	1.6939290956785	0.063099084025834
47.612022443177	2.0202149357974	1.1454291754365
47.868001058463	3.1206219719914	1.5294570009272
48.123979673749	4.1481984159926	0.87614245691644
48.379958289034	4.3236328235106	-0.36141508955708
48.635936904320	3.5204377867364	-1.3067253335171
48.891915519606	2.3270958587608	-1.3266661200708
49.147894134892	1.5798013243247	-0.47104736831708
49.403872750178	1.7613558825186	0.61544376279040
49.659851365464	2.7110871158140	1.1817657167075
49.915829980750	3.7996375412916	0.86486441018586
50.171808596036	4.3736095884498	-0.13629995000274
50.427787211322	4.1403490633434	-1.2521350482193
50.683765826607	3.2832281710604	-1.9088235187075
50.939744441893	2.3079167890544	-1.8366984794681
51.195723057179	1.7490640820365	-1.1875926010470
51.451701672465	1.8826927179627	-0.44021219439688
51.707680287751	2.5633008132906	-0.13933322572953
51.963658903037	3.2765583279646	-0.57122440452110
52.219637518323	3.4279223559106	-1.5438382979836
52.475616133609	2.7430499067900	-2.4464138132640
52.731594748895	1.5194879404066	-2.6237958625130
52.987573364181	0.49695065469086	-1.8577950516907
53.243551979466	0.36321189978240	-0.59688894929234
53.499530594752	1.2242422375217	0.29926233569280
53.755509210038	2.4620670753066	0.17046866115785
54.011487825324	3.1444059401820	-0.92684485470838
54.267466440610	2.7100278990782	-2.2208111158260
54.523445055896	1.4018713794322	-2.7777907722414
54.779423671182	0.095731169615878	-2.1933125768480
55.035402286468	-0.34952702055602	-0.88234076887724
55.291380901754	0.28760624854354	0.24963213686538
55.547359517040	1.4711231199547	0.47951545961736
55.803338132325	2.3439862006338	-0.24361044229954
56.059316747611	2.3472301371562	-1.3346967099034
56.315295362897	1.5533412827315	-2.0432535396584
56.571273978183	0.52511920711584	-1.9606029524673
56.827252593469	-0.11355720772520	-1.2137340348214
57.083231208755	-0.051698961754230	-0.29321791366854
57.339209824041	0.59984204431952	0.28034518885286
57.595188439327	1.4372302995010	0.21877808829760
57.851167054613	1.9847062552259	-0.43388240990540
58.107145669898	1.9038262046099	-1.3354849810042
58.363124285184	1.1574982101634	-1.9804113824685
58.619102900470	0.083257712955886	-1.9324420904167
58.875081515756	-0.71624614188274	-1.1010080700334
59.131060131042	-0.70127872492094	0.10907783119083
59.387038746328	0.20952465359460	0.96004660619196
59.643017361614	1.4788586055647	0.84826426188248
59.898995976900	2.2373127352972	-0.21824697595552
60.154974592186	1.8917927532320	-1.5305663589839
60.410953207472	0.61408652055410	-2.1324087409654
60.666931822757	-0.71430876130762	-1.5290766451707
60.922910438043	-1.1241164425006	-0.10257252173806
61.178889053329	-0.29535332478074	1.1317018109715
61.434867668615	1.1748166170383	1.2748068414567
61.690846283901	2.2054542741216	0.22613533782828
61.946824899187	2.0394004967180	-1.2386902294523
62.202803514473	0.79919108835110	-2.0522639465284
62.458782129759	-0.62619693758868	-1.6415136393356
62.714760745045	-1.2502833974909	-0.31848846686964
62.970739360330	-0.68877614149860	0.98639665964310
63.226717975616	0.61367456898506	1.4050885457270
63.482696590902	1.7418648837133	0.71219284422036
63.738675206188	1.9463365617829	-0.57518381914820
63.994653821474	1.1103832798859	-1.5831276429209
64.250632436760	-0.21954963727210	-1.6495307426656
64.506611052046	-1.2019054968469	-0.71704017141220
64.762589667332	-1.2157237542730	0.65011286640552
65.018568282618	-0.23498944260726	1.6057033746437
65.274546897904	1.1348326106383	1.5291809839386
65.530525513189	1.9941666289824	0.43076669353912
65.786504128475	1.7054427799761	-0.99476592503768
66.042482743761	0.35167732263672	-1.7563817071739
66.298461359047	-1.2316166228929	-1.2164304769456
66.554439974333	-1.9558471595731	0.41309699816736
66.810418589619	-1.2361829236834	2.1246009547890
67.066397204905	0.52810277180938	2.7695557169968
67.322375820191	2.1618791757776	1.8945704345988
67.578354435477	2.5333331709382	0.12809978626562
67.834333050763	1.4029088176510	-1.2311267710191
68.090311666048	-0.36291979693762	-1.1637008671108
68.346290281334	-1.4178853351218	0.29734782645002
68.602268896620	-0.94351318970186	2.0821956201480
68.858247511906	0.74080484401224	2.8909761842044
69.114226127192	2.4381607501208	2.1655958468748
69.370204742478	2.9878041450702	0.47524854216518
69.626183357764	2.1102795696750	-0.95651282585024
69.882161973050	0.54965905514766	-1.1777737917630
70.138140588336	-0.54051662994148	-0.16277244871829
70.394119203621	-0.44528325758916	1.2604234139984
70.650097818907	0.66823686584124	2.0743218358862
70.906076434193	1.9708271607013	1.7804800352684
71.162055049479	2.6015034693208	0.65895696558538
71.418033664765	2.2190936369104	-0.51485396270680
71.674012280051	1.1414249899440	-1.0118921647578
71.929990895337	0.075460651003118	-0.57310732322384
72.185969510623	-0.32504143059288	0.49257251292612
72.441948125909	0.18161468587484	1.5191469761192
72.697926741195	1.2999844877340	1.8601112138176
72.953905356480	2.3474622607726	1.2570450407967
73.209883971766	2.6292917300826	0.027218637648112
73.465862587052	1.8769941447726	-1.0660474545675
73.721841202338	0.48955249242286	-1.2585710184462
73.977819817624	-0.64430072618600	-0.31821329873288
74.233798432910	-0.71533814672928	1.2107369682166
74.489777048196	0.39900442788372	2.3058929534288
74.745755663482	1.9623591047934	2.1765950026236
75.001734278768	2.8498232795912	0.88549804269152
75.257712894054	2.3698927781778	-0.62665233594542
75.513691509339	0.81920741292334	-1.1950351252842
75.769670124625	-0.69039848693750	-0.29804817645984
76.025648739911	-1.0349201320883	1.5324388989143
76.281627355197	0.095314438383162	3.0896404640348
76.537605970483	1.9800319004367	3.3717410249066
76.793584585769	3.4152512524982	2.2873367731962
77.049563201055	3.5813934941982	0.66889974754832
77.305541816341	2.5770929777206	-0.36886548111260
77.561520431627	1.2672929519843	-0.20699494359890
77.817499046912	0.63022665446456	0.92175295964516
78.073477662198	1.1139590665733	2.1815647176704
78.329456277484	2.4195865000408	2.7286452454332
78.585434892770	3.7690997314968	2.2225532176462
78.841413508056	4.4098183119732	0.97310187850510
79.097392123342	4.0404049710730	-0.28634289763108
79.353370738628	2.9632948660862	-0.82694286330592
79.609349353914	1.9212769826769	-0.33945038624906
79.865327969200	1.6892772811226	0.85310375431852
80.121306584486	2.5944098667262	1.9204664407666
80.377285199771	4.2294704404970	1.9934186661472
80.633263815057	5.6049701965684	0.75871477463008
80.889242430343	5.7535951900166	-1.2155916237896
81.145221045629	4.4448788084826	-2.7446612677924
81.401199660915	2.4741237123866	-2.8129888811968
81.657178276201	1.2074512848212	-1.3626221063213
81.913156891487	1.6174409896543	0.54796513225432
82.169135506773	3.5079279226444	1.4330909163408
82.425114122059	5.5686256498624	0.46659727696060
82.681092737345	6.2912407548086	-1.8594780122507
82.937071352630	5.0824818320128	-4.0500033922342
83.193049967916	2.7145186290876	-4.6893362125062
83.449028583202	0.75407402734378	-3.4687086129224
83.705007198488	0.41232504998524	-1.3736099569833
83.960985813774	1.7015125958306	0.087662129004256
84.216964429060	3.5152382686502	-0.0090668989351574
84.472943044346	4.5116030365330	-1.4039799140853
84.728921659632	4.0851376782882	-2.9576983693588
84.984900274918	2.7157190543378	-3.5509443377068
85.240878890203	1.5147705798147	-2.8727553976550
85.496857505489	1.3819887710097	-1.5597042208020
85.752836120775	2.3966636730318	-0.67221127360728
86.008814736061	3.8175425048852	-0.93769041963626
86.264793351347	4.6198786483744	-2.2723470318392
86.520771966633	4.1847085951158	-3.8491491567542
86.776750581919	2.7173767474032	-4.6342866326660
87.032729197205	1.1540010069395	-4.0657110576146
87.288707812491	0.59255226663150	-2.4739227388154
87.544686427777	1.5549819666582	-0.95850030189294
87.800665043062	3.5390758770166	-0.71986020925004
88.056643658348	5.2245008945676	-2.2098919957790
88.312622273634	5.3136935692966	-4.6841328497624
88.568600888920	3.4995116027728	-6.5743050618674
88.824579504206	0.83426220889638	-6.5487227966078
89.080558119492	-0.89404619431108	-4.5454028694086
89.336536734778	-0.43449155792984	-1.9533089536499
89.592515350064	1.9358607596822	-0.68628516511048
89.848493965350	4.5248696838768	-1.7713477163701
90.104472580636	5.4441227879590	-4.5386338000010
90.360451195921	4.0281978315750	-7.0961108966550
90.616429811207	1.3311631263010	-7.7606376356942
90.872408426493	-0.71104901697102	-6.3237658715012
91.128387041779	-0.78381021857380	-4.1472838797676
91.384365657065	0.84378565730574	-3.0382225411180
91.640344272351	2.6367924244226	-3.8427131346238
91.896322887637	3.0665006041170	-5.8844607405986
92.152301502923	1.7634473335220	-7.6235929585852
92.408280118209	-0.33787139191028	-7.9029409850908
92.664258733494	-1.8558398285549	-6.7462726649270
92.920237348780	-2.0207496791418	-5.1592960502344
93.176215964066	-1.0996972426310	-4.2525080127038
93.432194579352	0.0015764475952964	-4.4756614403982
93.688173194638	0.47157555830116	-5.4949360969264
93.944151809924	0.044385985979284	-6.6128557938782
94.200130425210	-1.0367913589170	-7.2514892514512
94.456109040496	-2.3003358109372	-7.1615442938354
94.712087655782	-3.2641101137404	-6.4014326935132
94.968066271068	-3.5475495421402	-5.2940252686178
95.224044886353	-3.0228887296692	-4.3939660546100
95.480023501639	-2.0147591172954	-4.2953807727914
95.736002116925	-1.2983204338170	-5.2171175031146
95.991980732211	-1.6696362676008	-6.6525028987736
96.247959347497	-3.2715061454048	-7.5258390201294
96.503937962783	-5.2596122499118	-6.9482651575778
96.759916578069	-6.2766440556580	-5.0475031663052
97.015895193355	-5.5246309496900	-3.0880657618322
97.271873808641	-3.5704488234670	-2.5878470624950
97.527852423926	-2.0794211442482	-4.0415234896310
97.783831039212	-2.5328539360616	-6.3494745570260
98.039809654498	-4.9373828237792	-7.5700635082422
98.295788269784	-7.6737213613382	-6.4855894342624
98.551766885070	-8.7298503339074	-3.6849518153316
98.807745500356	-7.3543499605292	-1.1840210876363
99.063724115642	-4.7325074977178	-0.82397310175156
99.319702730928	-3.0693984473810	-2.7609312359766
99.575681346214	-3.8146117967092	-5.3222775923306
99.831659961500	-6.5044082517834	-6.3598431184164
100.08763857679	-9.1738302394774	-4.9677827953498
100.34361719207	-9.9629446003312	-2.1479817528012
100.59959580736	-8.5648944389698	0.076194692360716
100.85557442264	-6.3580656844596	0.29962743789718
101.11155303793	-5.2077065925688	-1.2320305516726
101.36753165321	-5.9951775329282	-2.9624089625720
101.62351026850	-8.0512703786338	-3.3369616732530
101.87948888379	-9.8295509271384	-1.9656630559713
102.13546749907	-10.150389245250	0.22895930927746
102.39144611436	-9.0066613482246	1.8444555384793
102.64742472964	-7.4140918681776	2.0503026544556
102.90340334493	-6.5793957471828	1.0785480654579
103.15938196022	-7.0809730839452	-0.070614074193738
103.41536057550	-8.5847761935044	-0.35496866290566
103.67133919079	-10.145893137382	0.68095519714238
103.92731780607	-10.801327945466	2.6942701302608
104.18329642136	-10.108148481641	4.7693554634642
104.43927503665	-8.3966926572852	5.9251755291956
104.69525365193	-6.6293160158760	5.6811394137230
104.95123226722	-5.8792881797240	4.4100902005694
105.20721088250	-6.6428341684900	3.2188643355664
105.46318949779	-8.4008869030074	3.3011965255368
105.71916811308	-9.8249184228800	5.0901499004108
105.97514672836	-9.6344023061602	7.8157965675340
106.23112534365	-7.5700622098846	9.9131968901218
106.48710395893	-4.7180163025420	10.115934375481
106.74308257422	-2.8148934544688	8.4568988424236
106.99906118950	-2.9630832036238	6.3474999734812
107.25503980479	-4.7386250899618	5.5695895550802
107.51101842008	-6.4517488449824	6.9050964556746
107.76699703536	-6.4268942311486	9.4902266015794
108.02297565065	-4.3196599939824	11.452750606805
108.27895426593	-1.4128690507141	11.365808012544
108.53493288122	0.36830472771240	9.3743604494070
108.79091149651	-0.045239912754798	7.0961680776984
109.04689011179	-2.0334460568874	6.3737943760514
109.30286872708	-3.7629864286146	7.8591404603866
109.55884734236	-3.5842982884016	10.522648446541
109.81482595765	-1.2672400776717	12.437445839006
110.07080457294	1.8431478042036	12.213318569649
110.32678318822	3.8264236621228	10.003336775080
110.58276180351	3.5746203995174	7.3732152903662
110.83874041879	1.5682302706615	6.1722184120450
111.09471903408	-0.47696007784684	7.2312138957112
111.35069764936	-0.81257945490144	9.7873395192350
111.60667626465	1.1256001665708	12.008977801408
111.86265487994	4.3072524784220	12.257624838490
112.11863349522	6.7876728693484	10.242821893099
112.37461211051	7.0492168240280	7.2825511571038
112.63059072579	5.1138356194286	5.4440139340342
112.88656934108	2.6293434321638	6.0885863884338
113.14254795637	1.7773563120642	8.8129511713068
113.39852657165	3.6860511816414	11.603668434743
113.65450518694	7.4843386259336	12.221687883752
113.91048380222	10.793659147861	9.8977449183318
114.16646241751	11.439952371960	6.0560619589950
114.42244103280	9.1743754100250	3.3858231224330
114.67841964808	6.0321710941148	3.8190978192196
114.93439826337	4.8981097629948	6.9259645669668
115.19037687865	7.2609636514958	10.066694811964
115.44635549394	11.906302845241	10.340635207079
115.70233410923	15.693374809946	6.8984838967580
115.95831272451	15.946336021158	1.7601929963359
116.21429133980	12.623507658591	-1.6352281748696
116.47026995508	8.4815614674964	-1.1093332231710
116.72624857037	6.9890775552318	2.4607448528240
116.98222718565	9.5777021231930	5.7341867258040
117.23820580094	14.434803589371	5.5022269604490
117.49418441623	17.866973253820	1.2531276788890
117.75016303151	17.201344138395	-4.3660636476218
118.00614164680	12.918299674750	-7.6042755726996
118.26212026208	8.2931372900428	-6.5604653611140
118.51809887737	6.8176143151922	-2.6783411306196
118.77407749266	9.4584843784352	0.41041896735984
119.03005610794	13.933455386712	-0.24238509075304
119.28603472323	16.552390052882	-4.6119290632782
119.54201333851	15.121952769560	-9.7888893549274
119.79799195380	10.603071630372	-12.317053909887
120.05397056909	6.2616669009868	-10.879440171507
120.30994918437	5.0677909014378	-7.2251185922518
120.56592779966	7.4377819031194	-4.6932534514376
120.82190641494	11.046090079268	-5.5933473949688
121.07788503023	12.734626977296	-9.5177088865326
121.33386364551	10.929502212893	-13.814300475773
121.58984226080	6.6982539317078	-15.707327654957
121.84582087609	2.7620450347026	-14.340085471662
122.10179949137	1.3815764652578	-11.225622548186
122.35777810666	2.7878758962322	-8.9318618496548
122.61375672194	5.2413948743356	-9.1556517583556
122.86973533723	6.4764748529080	-11.646610024922
123.12571395252	5.3194165649378	-14.627451263066
123.38169256780	2.3292984517024	-16.194208769150
123.63767118309	-0.81277991788164	-15.584369702868
123.89364979837	-2.5390119163424	-13.501109664055
124.14962841366	-2.3512208227988	-11.471162901402
124.40560702895	-0.98037804228182	-10.820944133603
124.66158564423	0.17331942615111	-11.926197110412
124.91756425952	-0.11148240560462	-14.068486571269
125.17354287480	-2.1864223721432	-15.872023981159
125.42952149009	-5.2989503035720	-16.085360567606
125.68550010538	-7.9517147436498	-14.361781460881
125.94147872066	-8.7750911943482	-11.617042919710
126.19745733595	-7.5052370294790	-9.6203779180192
126.45343595123	-5.4035786610094	-9.8676179291092
126.70941456652	-4.6161750566072	-12.378148557194
126.96539318180	-6.6727022951506	-15.367724438606
127.22137179709	-11.138317546626	-16.313017689726
127.47735041238	-15.600416911736	-13.855382031444
127.73332902766	-17.304556307655	-9.1036425304100
127.98930764295	-15.366502747466	-5.0913075879812
128.24528625823	-11.754263234882	-4.5200777631376
128.50126487352	-9.9887227491234	-7.4623837780830
128.75724348881	-12.354047724557	-11.007323202185
129.01322210409	-17.839336872328	-11.412003160186
129.26920071938	-22.680277166074	-7.1891614218572
129.52517933466	-23.304452066192	-0.55729483201836
129.78115794995	-19.358836287237	4.1518333733266
130.03713656524	-14.215865596100	4.0039112239586
130.29311518052	-12.344160623943	0.0083544238334280
130.54909379581	-15.608142732236	-3.5398916086696
130.80507241109	-21.601475374660	-2.5198113685946
131.06105102638	-25.507790191618	3.5856092780944
131.31702964166	-24.011337754556	11.186821679843
131.57300825695	-18.003598018312	15.476933073425
131.82898687224	-11.825971315245	14.306671578138
132.08496548752	-9.7198812099694	9.8205644769948
132.34094410281	-12.484312666761	6.5679518589924
132.59692271809	-17.067491413461	7.7860654115336
132.85290133338	-19.250938434410	12.987354785697
133.10887994867	-17.018035876020	18.702775741429
133.36485856395	-11.832156200644	21.483579696152
133.62083717924	-7.0408832991576	20.500565623494
133.87681579452	-5.0675223456204	17.725746046933
134.13279440981	-5.8087388271810	15.938093272697
134.38877302510	-7.2773543900774	16.531354654388
134.64475164038	-7.4976335531394	18.888142058485
134.90073025567	-5.8513030596254	21.411089227956
135.15670887095	-2.9879977660894	22.906270761052
135.41268748624	0.11021568463147	23.105119575612
135.66866610153	2.7829137645420	22.288838370652
135.92464471681	4.6562519932552	20.846304199354
136.18062333210	5.4575936646128	19.308914344164
136.43660194738	5.2611595324066	18.505512926347
136.69258056267	4.9197849914578	19.175546363292
136.94855917795	5.8597463870192	21.110886529090
137.20453779324	8.9567525786578	22.792641681896
137.46051640853	13.403559863251	22.331585268078
137.71649502381	16.920876405724	19.208121966223
137.97247363910	17.574676988681	15.160213058420
138.22845225438	15.732408962485	13.008729221332
138.48443086967	14.149202356662	14.128090294743
138.74040948496	15.692833802326	16.864312850497
138.99638810024	20.566778649598	17.680492851375
139.25236671553	25.734402353496	14.336819303261
139.50834533081	27.452893495548	8.2419292734070
139.76432394610	24.836232164474	3.5242699387276
140.02030256139	21.056259419538	3.3110627165350
140.27628117667	20.700930076992	6.5359741363750
140.53225979196	25.422949186446	8.4776407803850
140.78823840724	31.937892582150	4.9383739144090
141.04421702253	34.586951851948	-3.5916742081202
141.30019563781	30.486085591628	-11.812746007255
141.55617425310	22.592456845930	-14.076254705171
141.81215286839	17.565148446689	-9.6389118050680
142.06813148367	19.955539600423	-3.8306551986624
142.32411009896	27.841970325908	-3.6975265318652
142.58008871424	34.062100169234	-11.726610902550
142.83606732953	32.298935494856	-23.280859085818
143.09204594482	22.774772725590	-30.305818542150
143.34802456010	12.387519117729	-28.290290165266
143.60400317539	8.9184795745406	-20.383503094682
143.85998179067	14.251637261971	-14.898126308734
144.11596040596	22.571499520640	-18.216874186609
144.37193902125	25.224669313014	-29.235797550580
144.62791763653	18.089118369523	-40.208300130936
144.88389625182	5.0797780467110	-43.284694442760
145.13987486710	-5.2076121654370	-37.095833173616
145.39585348239	-6.7550803542206	-27.752242270402
145.65183209767	-1.0300839585049	-23.530839273328
145.90781071296	4.5351871005490	-27.929729528344
146.16378932825	2.9693013194044	-36.993488828654
146.41976794353	-6.5095322470314	-42.951426438692
146.67574655882	-18.194448803377	-40.803025817184
146.93172517410	-24.939921872532	-32.216169703732
147.18770378939	-24.037171681596	-23.707389371678
147.44368240468	-19.038885966962	-21.022703286834
147.69966101996	-16.378995975311	-24.606149360948
147.95563963525	-19.985409466159	-29.724281634196
148.21161825053	-28.404114441466	-30.697358020988
148.46759686582	-36.462488390572	-25.441400897802
148.72357548111	-39.651537216176	-16.704682404074
148.97955409639	-37.480868643934	-9.4320173926240
149.23553271168	-33.353364667234	-6.7887778469014
149.49151132696	-31.537359276678	-8.0528558409582
149.74748994225	-33.933427333978	-9.6742092492060
150.00346855754	-39.044299808246	-8.2186058372106
150.25944717282	-43.512926875394	-2.7555679519230
150.51542578811	-44.679107236382	4.8849466896646
150.77140440339	-42.210520009450	11.746273206272
151.02738301868	-37.923392100278	15.797850373665
151.28336163396	-34.303551328800	17.012047685335
151.53934024925	-32.920847706516	17.035590937332
151.79531886454	-33.670822956324	17.971312424306
152.05129747982	-35.062421973260	21.129035578970
152.30727609511	-35.187276493178	26.379773141938
152.56325471039	-32.795252408930	32.315082594076
152.81923332568	-27.971924940030	37.049765976856
153.07521194097	-22.115567403018	39.272924999916
153.33119055625	-17.193750642777	39.037650517226
153.58716917154	-14.602237298278	37.837016939940
153.84314778682	-14.229010162329	37.817175785994
154.09912640211	-14.333995536896	40.464997031240
154.35510501740	-12.468993526147	45.518469417338
154.61108363268	-7.0196873948310	50.863334296920
154.86706224797	1.5626180277685	53.668015519446
155.12304086325	10.748738871475	52.196430687604
155.37901947854	17.363753920016	47.142535668538
155.63499809382	19.685908771347	41.450833712042
155.89097670911	18.797517438909	38.508717412202
156.14695532440	18.082878332345	39.795597269292
156.40293393968	20.995493378618	43.664663209484
156.65891255497	28.568924989978	46.309518251058
156.91489117025	38.539686793346	44.400730158022
157.17086978554	46.887573438120	37.499636137872
157.42684840083	50.740491551250	28.358282751032
157.68282701611	50.408265157142	20.787392836906
157.93880563140	48.903875288440	16.753995211518
158.19478424668	49.346844889470	15.072940841758
158.45076286197	52.450074883214	12.750607148261
158.70674147726	56.235164697888	7.7464769048900
158.96272009254	58.138173984000	0.65983284113234
159.21869870783	57.484048265406	-6.1588256065986
159.47467732311	55.962620894348	-11.149063910856
159.73065593840	55.651106061258	-15.201490902078
159.98663455369	56.558067390150	-20.711994445344
160.24261316897	56.248348042664	-28.870160189014
160.49859178426	52.145156096380	-37.905639896918
160.75457039954	44.382961788840	-44.271310536118
161.01054901483	36.293335422982	-45.911580370528
161.26652763011	31.710928033898	-44.533851263190
161.52250624540	31.417075035268	-44.476154590974
161.77848486069	32.134717322834	-48.919863537284
162.03446347597	29.280486060242	-56.884594558986
162.29044209126	21.101529273784	-63.948236070134
162.54642070654	10.321198094450	-66.211420909986
162.80239932183	1.6157910463964	-63.854675070356
163.05837793712	-2.7917003675994	-60.858870504472
163.31435655240	-5.2071200362986	-61.049840650100
163.57033516769	-10.109346584664	-64.229346481640
163.82631378297	-19.535434037059	-66.220719322054
164.08229239826	-30.702996213468	-62.956270323948
164.33827101355	-38.362040911786	-54.741033751570
164.59424962883	-39.819533531972	-46.462691480498
164.85022824412	-37.850891226666	-43.291100776524
165.10620685940	-38.548087480276	-45.785585297254
165.36218547469	-45.919203067016	-49.055705370028
165.61816408997	-58.203368709242	-46.892862240828
165.87414270526	-69.321859200198	-37.119558812036
166.13012132055	-74.084978024470	-23.275758423138
166.38609993583	-72.322212570226	-11.261884584385
166.64207855112	-68.298687123728	-4.2806273861556
166.89805716640	-66.379632274670	-0.79725318586668
167.15403578169	-67.356043278822	2.9649479408568
167.41001439698	-68.814477359494	8.9659991127356
167.66599301226	-68.614358178830	15.970514088538
167.92197162755	-67.408879379462	21.973723851318
168.17795024283	-67.408581842354	27.381852752932
168.43392885812	-68.863873066382	35.079837291538
168.68990747341	-68.468127637166	46.978322243304
168.94588608869	-62.027663763816	60.745877829648
169.20186470398	-49.074919417468	70.720385304316
169.45784331926	-34.522581845864	72.837020038482
169.71382193455	-24.974607808288	68.932162807354
169.96980054984	-22.713664214564	65.780729759926
170.22577916512	-23.210487178196	69.148082465692
170.48175778041	-19.031736298992	78.291823796390
170.73773639569	-6.8129886984354	86.406106171432
170.99371501098	9.3810016374162	86.974165119084
171.24969362626	21.835834026512	80.084858933004
171.50567224155	26.717643051760	72.437144904230
171.76165085684	28.013179612246	70.707979781648
172.01762947212	33.715650151900	74.599546606522
172.27360808741	47.639205469206	76.583480311658
172.52958670269	64.857274478612	69.066671718684
172.78556531798	75.653276720638	52.297917873620
173.04154393327	74.696327354680	35.134663703790
173.29752254855	66.738748563060	27.338312518274
173.55350116384	62.978881880596	30.320391155820
173.80947977912	70.975944018212	35.200220830954
174.06545839441	87.390535075160	30.459601179496
174.32143700970	100.55347792546	12.401381927671
174.57741562498	100.79713989427	-11.299954225957
174.83339424027	89.099269758022	-28.426305464532
175.08937285555	75.986505789286	-33.211082231092
175.34535147084	71.674388744628	-31.307531652232
175.60133008612	76.634231383132	-34.116755869384
175.85730870141	81.394703282712	-47.822986191350
176.11328731670	75.717114584664	-67.444277447766
176.36926593198	58.481919970472	-81.477674023136
176.62524454727	38.974647527804	-82.757165262934
176.88122316255	28.343847048772	-75.325037078742
177.13720177784	29.193843076316	-70.866601729434
177.39318039313	32.982116928760	-77.985823560870
177.64915900841	27.625772586210	-94.188118469586
177.90513762370	8.3554331178790	-107.85217579936
178.16111623898	-17.961782098757	-108.30056165667
178.41709485427	-38.703384159594	-94.880931595976
178.67307346956	-46.088797546908	-77.185758616616
178.92905208484	-43.161263563720	-66.676277880832
179.18503070013	-40.412736675902	-67.379365050982
179.44100931541	-46.680498651538	-73.495890321112
179.69698793070	-62.424020035052	-75.148790168578
179.95296654599	-80.544563352752	-66.544792927386
180.20894516127	-92.935902249820	-49.612859437092
180.46492377656	-96.518114825694	-31.027415745900
180.72090239184	-94.084055933294	-16.347964306975
180.97688100713	-90.534149395806	-6.5934489878044
181.23285962241	-88.751201274120	0.70461291169916
181.48883823770	-88.541109066728	8.2202159650322
181.74481685299	-88.431878196258	16.826931935431
182.00079546827	-87.636766240832	26.126062048078
182.25677408356	-86.218162499450	35.952238252114
182.51275269884	-83.964280237546	46.795096613618
182.76873131413	-79.795876029010	58.863699322446
183.02470992942	-72.518922582694	71.217536100116
183.28068854470	-61.967993031120	82.136414133124
183.53666715999	-49.188106979466	90.295264501864
183.79264577527	-35.566389968488	95.408603157646
184.04862439056	-22.053061336572	97.820124367836
184.30460300585	-9.2856762420824	97.889296292384
184.56058162113	1.9570948754068	96.163172290876
184.81656023642	11.123262497476	94.008697892350
185.07253885170	19.078089931642	93.334388022142
185.32851746699	28.552989486834	94.838606686512
185.58449608227	42.444479980394	96.262101336988
185.84047469756	60.785184396296	92.979933444794
186.09645331285	79.283378582342	81.431211233310
186.35243192813	91.639836128782	62.788903814640
186.60841054342	94.443078103118	43.190972734370
186.86438915870	90.472275144570	29.480832956852
187.12036777399	86.989374768012	23.672449413028
187.37634638928	89.932527983324	21.089889528846
187.63232500456	98.922967986276	14.208674539277
187.88830361985	107.62877847644	-0.95530210262552
188.14428223513	109.27287435687	-21.587954852358
188.40026085042	102.29688405375	-40.852862799104
188.65623946571	91.050321078972	-53.989110757986
188.91221808099	81.141796515014	-61.954452842650
189.16819669628	74.184442493118	-69.365130420006
189.42417531156	67.066857973308	-79.159501898808
189.68015392685	56.162252747998	-89.588315435850
189.93613254214	41.794278626434	-96.581575725528
190.19211115742	28.035928640854	-98.809805411916
190.44808977271	17.897474700824	-99.744624098318
190.70406838799	9.1101349254828	-104.01760842264
190.96004700328	-4.4400059443078	-111.53017228589
191.21602561856	-26.255751725970	-115.74043758809
191.47200423385	-52.022691844438	-108.89944408565
191.72798284914	-71.563831156264	-89.942849011870
191.98396146442	-77.260495622310	-67.291450342112
192.23994007971	-71.548956023470	-52.891459427494
192.49591869499	-66.072415990966	-52.044338403470
192.75189731028	-72.325329907294	-58.141635167440
193.00787592557	-91.650736282702	-57.590749421138
193.26385454085	-113.57792852948	-41.130020991806
193.51983315614	-124.29809632520	-11.732268332645
193.77581177142	-117.99865298504	17.883917949685
194.03179038671	-101.18662615270	35.895568276668
194.28776900200	-86.463042043560	40.739201365462
194.54374761728	-81.625272748362	41.172216089948
194.79972623257	-83.836884212404	47.574928801946
195.05570484785	-83.559930370252	62.761898785316
195.31168346314	-73.931424551016	80.452467097908
195.56766207842	-56.694453592162	92.064428820272
195.82364069371	-39.612388509142	94.889683287142
196.07961930900	-28.501353183710	93.985483801322
196.33559792428	-21.761401602150	96.513544243654
196.59157653957	-12.393071364783	104.39158168387
196.84755515485	4.8516660970322	112.30597951300
197.10353377014	28.179387442186	112.67054083825
197.35951238543	50.136161279082	102.56393166859
197.61549100071	63.998932207114	86.212831932968
197.87146961600	69.110540453696	71.153429326554
198.12744823128	70.634373375126	62.035206897286
198.38342684657	74.666215025732	57.625944308294
198.63940546186	83.538402707824	52.961825667298
198.89538407714	95.097845009402	43.788446012540
199.15136269243	105.45856476908	29.097017733620
199.40734130771	111.80849805869	10.367352749694
199.66331992300	112.89055312480	-10.392081913054
199.91929853829	108.00201257975	-31.233585742770
200.17527715357	96.909554355584	-49.465077992820
200.43125576886	81.329983696276	-61.685487646526
200.68723438414	65.854312340166	-66.038349663896
200.94321299943	55.933385114604	-64.958438152376
201.19919161471	53.552948923974	-65.004447224268
201.45517023000	54.422636905936	-72.519738861428
201.71114884529	50.129987265482	-88.127471636772
201.96712746057	34.465128364868	-105.08245919026
202.22310607586	8.8637056010700	-113.72297737199
202.47908469114	-17.996140174353	-108.84859766375
202.73506330643	-36.570482595990	-93.857426960284
202.99104192172	-43.604782759652	-77.989707758160
203.24702053700	-44.052453123826	-68.980801918600
203.50299915229	-46.321605554908	-67.402768610288
203.75897776757	-55.229329580564	-67.305185021156
204.01495638286	-68.769311643358	-62.048993811458
204.27093499815	-80.989013898164	-49.796641392570
204.52691361343	-87.660404616404	-33.969728790106
204.78289222872	-89.283634586246	-19.034141204291
205.03887084400	-89.066612833996	-6.2546386347006
205.29484945929	-88.603399418114	6.4248076830674
205.55082807457	-86.023632506598	20.720956227786
205.80680668986	-78.543250527038	34.828086810458
206.06278530515	-66.604009502806	44.411019207056
206.31876392043	-54.950839272640	47.068067428350
206.57474253572	-48.947042483596	45.738976637858
206.83072115100	-49.307048041156	47.178016930278
207.08669976629	-50.421414175300	56.250519933290
207.34267838158	-44.453793343444	71.051928133496
207.59865699686	-28.060552530592	83.563798036960
207.85463561215	-5.8688379454710	85.810453707850
208.11061422743	12.624272587505	76.495840935910
208.36659284272	20.431744999630	62.409671658874
208.62257145801	18.647455796396	53.206468496912
208.87855007329	15.519606649906	53.763148770034
209.13452868858	19.732684566048	60.390708441192
209.39050730386	33.393077286598	63.984308457510
209.64648591915	50.406191887308	57.489745744906
209.90246453443	61.472183928550	41.602388890070
210.15844314972	61.573265614520	24.154710890052
210.41442176501	53.917074229352	13.795658030369
210.67040038029	47.246834357488	13.099204408768
210.92637899558	48.746974768664	16.598868488734
211.18235761086	58.224367184856	15.271578242036
211.43833622615	68.188846266308	3.8913229640534
211.69431484144	69.795116004382	-14.581167726392
211.95029345672	59.986417963922	-31.097327970122
212.20627207201	44.175585997570	-37.552780718524
212.46225068729	32.223051800958	-33.264022795664
212.71822930258	30.736811307856	-25.704473278746
212.97420791787	37.742720826916	-24.735010289244
213.23018653315	44.078851096790	-34.749843307460
213.48616514844	40.608479822160	-50.996133433792
213.74214376372	25.600733909724	-63.173398367402
213.99812237901	6.2910448730788	-63.598736331144
214.25410099430	-6.7953433053144	-53.393270125754
214.51007960958	-8.2506020080802	-41.584195168132
214.76605822487	-2.0413255717636	-37.765311285548
215.02203684015	1.9336113752637	-44.345476388730
215.27801545544	-3.8878714268310	-54.838680147840
215.53399407072	-18.611935166798	-59.580863597946
215.78997268601	-34.069919822786	-53.922059897752
216.04595130130	-42.141697639236	-41.827737275998
216.30192991658	-41.723313982796	-31.870254849158
216.55790853187	-39.210341862814	-29.320042328522
216.81388714715	-42.198312586642	-31.493126297298
217.06986576244	-52.223148064014	-30.536259876506
217.32584437773	-63.239666053428	-21.043191992368
217.58182299301	-67.293616333802	-5.4262495816030
217.83780160830	-62.186102611948	8.0530384141926
218.09378022358	-53.951731079510	12.963343200565
218.34975883887	-51.591492425390	11.083702303496
218.60573745416	-58.614668485828	11.427711439342
218.86171606944	-69.076927967546	22.413333508962
219.11769468473	-71.996410564368	43.978426559062
219.37367330001	-60.593696538040	66.751477350508
219.62965191530	-38.374030521414	79.318290824324
219.88563053058	-16.649439776184	77.516961668460
220.14160914587	-5.4521733078062	67.831330240948
220.39758776116	-5.4731313930810	61.969251286060
220.65356637644	-7.7538305820536	67.197058122034
220.90954499173	-1.2593881450744	80.485740373158
221.16552360701	18.074678767669	91.154005787700
221.42150222230	44.203898667444	89.553809112744
221.67748083759	65.988687621648	74.552375671824
221.93345945287	75.929583090710	53.934154150728
222.18943806816	75.518001732324	37.852820032608
222.44541668344	73.270443603664	30.920566762806
222.70139529873	77.513692409132	29.139917501614
222.95737391402	89.843732949824	23.636542768344
223.21335252930	104.13763462263	7.8216643875736
223.46933114459	111.39263055326	-17.634120687595
223.72530975987	106.35054671860	-45.486366908174
223.98128837516	90.954359692176	-67.295624950576
224.23726699045	72.407161215210	-79.259924511192
224.49324560573	57.620664766684	-84.297590295182
224.74922422102	48.257471655354	-89.128424177282
225.00520283630	39.914971860520	-98.702809242436
225.26118145159	25.925612304660	-112.13048789237
225.51716006687	2.9109035784572	-123.12700358231
225.77313868216	-26.099417937660	-124.70484528012
226.02911729745	-53.482177390536	-114.62361467846
226.28509591273	-72.586312428796	-97.330989542188
226.54107452802	-82.798051058324	-80.605911080796
226.79705314330	-89.897573890548	-69.278057538004
227.05303175859	-101.01753237986	-61.058918209894
227.30901037388	-118.02147593218	-48.245122463852
227.56498898916	-134.88895962746	-24.404163990910
227.82096760445	-141.82134463002	9.2766371343008
228.07694621973	-133.19905120564	43.582606599452
228.33292483502	-112.83942787347	67.795372531130
228.58890345031	-91.710659108530	78.164056214470
228.84488206559	-79.397717282188	81.176941203146
229.10086068088	-76.156961167378	88.414254552896
229.35683929616	-72.379104325356	106.81120021081
229.61281791145	-56.321884280804	132.33418127104
229.86879652673	-23.954473601664	152.53511827033
230.12477514202	17.239292013624	156.10453681469
230.38075375731	53.721338924264	141.61842912688
230.63673237259	76.118129226600	118.31740598223
230.89271098788	85.797139908844	98.450371320694
231.14868960316	92.632329675236	87.677935760478
231.40466821845	106.22488430400	81.334306654412
231.66064683374	128.02352747102	69.116590744372
231.91662544902	150.48080372954	43.782212065130
232.17260406431	163.16956869327	6.6720301755162
232.42858267959	160.30685201825	-33.757141635564
232.68456129488	143.84978217788	-68.212727308648
232.94053991017	120.75064344616	-92.181155513144
233.19651852545	97.654735208008	-107.06862487447
233.45249714074	77.363237093326	-117.34092602690
233.70847575602	58.754359759540	-126.86453447757
233.96445437131	38.787765552374	-136.95634688459
234.22043298660	14.525806683364	-146.25452724318
234.47641160188	-15.473006998214	-151.31732175599
234.73239021717	-49.935844759894	-147.64227313301
234.98836883245	-84.069678652400	-131.73759141740
235.24434744774	-110.61983427977	-104.05169156443
235.50032606302	-123.63451745324	-70.596784638488
235.75630467831	-123.04384220526	-40.703502465316
236.01228329360	-116.02184597874	-21.106169027466
236.26826190888	-112.60257979432	-10.510681632668
236.52424052417	-117.86367795851	0.20197683302824
236.78021913945	-126.95819452805	20.978533172424
237.03619775474	-128.00256350373	53.788323338962
237.29217637003	-111.46052962776	89.569233131958
237.54815498531	-78.537101357836	114.32336824187
237.80413360060	-41.142729484510	119.88211363368
238.06011221588	-12.900314434079	110.28851549869
238.31609083117	1.3774311106284	98.086598698984
238.57206944646	8.6411624147648	93.551130283450
238.82804806174	20.414309772904	96.251622723040
239.08402667703	41.927192561314	96.342805494314
239.34000529231	67.328819352368	84.211392200722
239.59598390760	85.111752995118	59.562927630056
239.85196252288	88.491107635184	31.711897047232
240.10794113817	81.047225244550	11.128627258286
240.36391975346	72.605186263010	0.41296467981024
240.61989836874	69.628301315832	-6.8357660571994
240.87587698403	69.484111010650	-18.515525930882
241.13185559931	63.985988587504	-35.454881324150
241.38783421460	48.497042129558	-50.239035576322
241.64381282989	27.462809171050	-54.531242250994
241.89979144517	10.792177772031	-47.579636099676
242.15577006046	4.5750414419308	-37.368311510276
242.41174867574	5.3272251392280	-33.086218605232
242.66772729103	3.6206589148926	-36.229184750958
242.92370590632	-6.2624304140656	-39.199263714298
243.17968452160	-20.116367054426	-33.048211258702
243.43566313689	-27.386293645396	-16.963149051445
243.69164175217	-21.380938162750	-0.10266058591962
243.94762036746	-6.2903919810420	6.3864725376586
244.20359898275	6.0458360787656	-0.24953475513768
244.45957759803	6.8873929509386	-11.637226356979
244.71555621332	-1.3041756005906	-16.126732664293
244.97153482860	-7.3394009286542	-9.9806720410084
245.22751344389	-2.2969837694592	-1.1935722517026
245.48349205917	11.294076179842	-2.0152281534886
245.73947067446	20.984005367082	-16.986179604929
245.99544928975	15.552313417450	-37.773222752644
246.25142790503	-4.4795246979618	-49.921939153794
246.50740652032	-26.853813932294	-45.513419425632
246.76338513560	-38.298980597860	-30.081586452540
247.01936375089	-36.204438538838	-17.355215802746
247.27534236618	-30.557076080844	-16.603968996924
247.53132098146	-34.404437521074	-24.150676077116
247.78729959675	-51.593444185166	-26.721616514914
248.04327821203	-72.882543002806	-13.463819643226
248.29925682732	-83.754320847790	14.281916092313
248.55523544261	-76.705045511732	44.049286610700
248.81121405789	-57.087880963822	62.828415437348
249.06719267318	-37.758844208778	67.542495430550
249.32317128846	-27.786605978806	66.448282027250
249.57914990375	-25.227226830300	70.927849472742
249.83512851903	-19.671666964865	85.355071934126
250.09110713432	-1.5095164046011	103.57111452284
250.34708574961	30.326845201974	114.03965369859
250.60306436489	67.975989762298	108.43528104714
250.85904298018	100.63860956948	86.597284782584
251.11502159546	121.24714028541	55.042802489234
251.37100021075	129.02978393114	21.763895600078
251.62697882604	127.61535100541	-8.1008118879480
251.88295744132	121.55039605725	-33.450159875650
252.13893605661	113.78218907110	-56.091538223984
252.39491467189	104.54461162274	-78.932018717212
252.65089328718	91.164825045032	-103.97420879154
252.90687190247	69.135269814784	-130.07356987507
253.16285051775	35.171890202722	-151.62205128085
253.41882913304	-8.7922496243092	-160.32302345880
253.67480774832	-54.101626827590	-150.49497888389
253.93078636361	-89.298607416100	-124.49366325131
254.18676497890	-107.97182624156	-92.909303052744
254.44274359418	-114.26642595716	-67.499730472840
254.69872220947	-120.07553088285	-51.574579511412
254.95470082475	-134.59292888331	-36.426684750846
255.21067944004	-154.61386306880	-8.4982024560630
255.46665805532	-164.99373466558	37.530045165646
255.72263667061	-150.59369327221	91.151406230368
255.97861528590	-110.26006865812	131.98247715315
