#Parameters = {z_path=0; z_beam=0; arc_angle=1.6139656200868; central_vac_external_radius=45; central_vac_length=35; copper_sheet_external_radius=35.5; copper_sheet_internal_radius=35; disk_vac_length=2; disk_vac_radius=55; disk_vac_trasl=10; finger_a=10; finger_blend_radius=1; finger_t=1; finger_transl=2.5; fingers_rep=70; meshCells=5.5; mesh_dx=0.2; mesh_dy=0.2; mesh_dz=0.2; pipe_external_radius=35.5; pipe_internal_radius=0; pipe_length=150; sigma_y=0.4; sigma_z=0.4; small_finger_grace_length=0; small_finger_rot=5; small_finger_width=0.1; wakelength=200; x_beam=0; x_path=5; y_beam=0; y_path=0}
#""	"Mix 1DC [Re]"	"Mix 1DC [Im]"
#--------------------------------
0.00000000000000	2.8388546843398e-13	-1.2523204426844
0.25597861528590	-1.2451706867116	-0.77962016537315
0.51195723057179	-1.8377079591150	0.36211071396307
0.76793584585769	-1.5270868187125	1.5199684737843
1.0239144611436	-0.60676376242740	2.0793169272247
1.2798930764295	0.29729686324713	1.8461517831579
1.5358716917154	0.65048459517429	1.1421512339987
1.7918503070013	0.35538572853725	0.54844679171084
2.0478289222872	-0.22294311273942	0.48151578698402
2.3038075375731	-0.56545467503975	0.91153988944731
2.5597861528590	-0.40252031855209	1.4307260327825
2.8157647681449	0.10230845137897	1.6080540474865
3.0717433834308	0.52650291314109	1.3373237637888
3.3277219987167	0.56305615438282	0.89319200006090
3.5837006140025	0.27044015052924	0.66060911372202
3.8396792292884	-0.013321958186564	0.78652537726851
4.0956578445743	-0.0022637269087983	1.0669204225694
4.3516364598602	0.27105479016365	1.1637204098181
4.6076150751461	0.50034126140466	0.94076849571143
4.8635936904320	0.41382712680737	0.59880641871422
5.1195723057179	0.048827664224651	0.48157175452318
5.3755509210038	-0.27216761844046	0.73940864517990
5.6315295362897	-0.24287817773865	1.1740189855554
5.8875081515756	0.13560188544259	1.4150342161721
6.1434867668615	0.55218023786134	1.2608644271909
6.3994653821474	0.67294551537058	0.85952262667801
6.6554439974333	0.44268596014699	0.56104739334744
6.9114226127192	0.11644423035911	0.58915448768058
7.1674012280051	0.0014877452828131	0.84829086145895
7.4233798432910	0.16741652905139	1.0423693543986
7.6793584585769	0.40253842054786	0.97540363020049
7.9353370738628	0.44468889368258	0.73429713261501
8.1913156891487	0.24642415345054	0.58241749516135
8.4472943044346	0.011862857097947	0.68398502278969
8.7032729197205	-0.020339162386958	0.94103377282438
8.9592515350064	0.17996252504573	1.1009574623758
9.2152301502923	0.41015692820747	1.0162300865950
9.4712087655782	0.44600312363864	0.78989773482453
9.7271873808641	0.26807041816521	0.66457843756314
9.9831659961500	0.076053253474920	0.77495321535218
10.239144611436	0.084440423903709	1.0157140849915
10.495123226722	0.31137169942092	1.1510610261967
10.751101842008	0.56881806350950	1.0455762589024
11.007080457294	0.65055911607642	0.78319373059985
11.263059072579	0.51915342687814	0.56821758958954
11.519037687865	0.31105441193956	0.52719532774779
11.775016303151	0.17849497844740	0.61749390436198
12.030994918437	0.15014196198429	0.71714684045070
12.286973533723	0.15139263664359	0.77285885687678
12.542952149009	0.13621043189081	0.83386146250155
12.798930764295	0.15933718882176	0.94463845642140
13.054909379581	0.29610466586665	1.0405781011578
13.310887994867	0.50607853564258	0.99133490502703
13.566866610153	0.61887386830762	0.76168352045269
13.822845225438	0.49259792888161	0.50470662600383
14.078823840724	0.18991885588907	0.45165647746197
14.334802456010	-0.034437518241656	0.68084077443541
14.590781071296	0.039347323929258	1.0032124687318
14.846759686582	0.36481032916649	1.1116050763305
15.102738301868	0.63968277672282	0.87524863956198
15.358716917154	0.57905675269915	0.49100273931743
15.614695532440	0.19972709837462	0.31996766670173
15.870674147726	-0.17173190730851	0.54572416822113
16.126652763011	-0.19704630186639	0.98335876813720
16.382631378297	0.14627274595219	1.2393624615939
16.638609993583	0.53029642463260	1.0831886084640
16.894588608869	0.58158670901436	0.67442954302602
17.150567224155	0.23892082914342	0.41875344180598
17.406545839441	-0.18274765291845	0.58383320474275
17.662524454727	-0.28821589512415	1.0433487377346
17.918503070013	0.025254030199036	1.3960739581164
18.174481685299	0.47582190839449	1.3439579936026
18.430460300585	0.66881745218853	0.96446513640653
18.686438915870	0.46403404745879	0.62129917550829
18.942417531156	0.086429359499492	0.61237999308923
19.198396146442	-0.11185331840277	0.90226380371618
19.454374761728	0.0092767290216827	1.1883073463741
19.710353377014	0.26833256507735	1.2141690228431
19.966331992300	0.36986836997191	1.0104747761793
20.222310607586	0.20188928870464	0.83611958905418
20.478289222872	-0.074682587975225	0.90448516390623
20.734267838158	-0.21204017749268	1.1844097029334
20.990246453443	-0.12338658070746	1.4656635621751
21.246225068729	0.064313610761560	1.5933551555257
21.502203684015	0.18492176835104	1.6097498787105
21.758182299301	0.22382967510752	1.6620043188497
22.014160914587	0.31069082537683	1.7993747097255
22.270139529873	0.53245537173842	1.9023348082423
22.526118145159	0.79321811492393	1.8308228903298
22.782096760445	0.89935242393623	1.6217256163841
23.038075375731	0.79160882626435	1.4937174005880
23.294053991017	0.66100133054596	1.6211920372848
23.550032606302	0.78641765117404	1.9067324125025
23.806011221588	1.2292734356272	2.0180201889633
24.061989836874	1.7024572232087	1.6983625734989
24.317968452160	1.7875216552477	1.0621739575335
24.573947067446	1.3284850358474	0.56316685998358
24.829925682732	0.62820947382736	0.62250892951987
25.085904298018	0.23374238866773	1.2431456143570
25.341882913304	0.48132741956467	1.9747728524870
25.597861528590	1.2093483056824	2.2789033427707
25.853840143876	1.9015434354373	1.9715200590551
26.109818759161	2.1284458413939	1.3491988116552
26.365797374447	1.8881161161896	0.90012543108109
26.621775989733	1.5559470977613	0.87767158344935
26.877754605019	1.5203362255309	1.1168432479477
27.133733220305	1.8502643460507	1.2249328601154
27.389711835591	2.2721580529899	0.93592233086245
27.645690450877	2.4256549736760	0.30786446769767
27.901669066163	2.1355668713968	-0.36472969741859
28.157647681449	1.4842136014627	-0.78160738547929
28.413626296734	0.69896891557031	-0.79026713475631
28.669604912020	0.021372369461668	-0.39086317359834
28.925583527306	-0.34102729828034	0.30782669547909
29.181562142592	-0.23884792768415	1.0861816121842
29.437540757878	0.32571544205102	1.6163503334268
29.693519373164	1.0849512123424	1.5936935135607
29.949497988450	1.5515957346716	0.98849382343224
30.205476603736	1.3181846802477	0.20024960658306
30.461455219022	0.43112653441510	-0.12177594932004
30.717433834308	-0.51454185154045	0.44189567538834
30.973412449593	-0.74968976562294	1.6680665335585
31.229391064879	0.052149753626820	2.7526926591165
31.485369680165	1.4302032228283	2.8914698174796
31.741348295451	2.4179020154296	1.9452215145885
31.997326910737	2.2829226318438	0.61699466717697
32.253305526023	1.1309261141152	-0.056936705477109
32.509284141309	-0.14646348213743	0.48676023583123
32.765262756595	-0.55671651822401	1.8973414480730
33.021241371881	0.23590058535299	3.1968060637235
33.277219987167	1.6948569219403	3.5440786890404
33.533198602452	2.8813997784843	2.8407805959102
33.789177217738	3.1838470428028	1.7130770410439
34.045155833024	2.7086964671182	0.95076770252021
34.301134448310	2.0766667505154	0.90973337509856
34.557113063596	1.8749777084939	1.3396828305294
34.813091678882	2.2418904528094	1.6862997157624
35.069070294168	2.8587599700000	1.5423886651537
35.325048909454	3.2507846417609	0.89215292699780
35.581027524740	3.1043931046629	0.049978312305400
35.837006140025	2.4076998977960	-0.55903634307497
36.092984755311	1.4243514362255	-0.60278774123641
36.348963370597	0.58925892229685	0.020259638242653
36.604941985883	0.34760271064579	1.0940021390936
36.860920601169	0.91904811003851	2.0985193278234
37.116899216455	2.0726969346889	2.4283985537624
37.372877831741	3.1284797455827	1.7946441258586
37.628856447027	3.3308664012659	0.54859810869065
37.884835062313	2.4284589664241	-0.41550421360296
38.140813677599	1.0037252633542	-0.25411368843729
38.396792292884	0.17417515392316	1.1196129226409
38.652770908170	0.77093658785662	2.8204046568341
38.908749523456	2.6086266444137	3.5593130435035
39.164728138742	4.4963692451451	2.6373622257421
39.420706754028	5.0837262323924	0.57284516773390
39.676685369314	3.9189695919576	-1.2077236968202
39.932663984600	1.8556461641446	-1.4355371023690
40.188642599886	0.43469328957245	0.0097414663792132
40.444621215172	0.70671991658700	1.9915624186764
40.700599830458	2.4301972276317	2.9905307791708
40.956578445743	4.2779707334299	2.2643807274694
41.212557061029	4.8664181736046	0.38211537358562
41.468535676315	3.7814823068905	-1.2507747304048
41.724514291601	1.8279898452269	-1.4554222119072
41.980492906887	0.38106978865812	-0.098215596582812
42.236471522173	0.39728251605712	1.9002912920321
42.492450137459	1.8183087951640	3.2748044742661
42.748428752745	3.7146291639095	3.2630234880973
43.004407368031	4.9580540403910	2.0214712666873
43.260385983316	4.9177902405724	0.43059340251538
43.516364598602	3.7761373045568	-0.48560677900407
43.772343213888	2.3653316231673	-0.14692897293017
44.028321829174	1.6798349071633	1.2777187717863
44.284300444460	2.3211027872975	2.9616644209509
44.540279059746	4.1347541612452	3.8640381963459
44.796257675032	6.2432034992767	3.3328724850672
45.052236290318	7.5215916285513	1.5478502921799
45.308214905604	7.3018831543488	-0.51340010284841
45.564193520890	5.8638417926728	-1.6593187847521
45.820172136175	4.3147770844090	-1.2954117389765
46.076150751461	3.8499105808694	0.11289166161497
46.332129366747	4.8799324904783	1.3291868196855
46.588107982033	6.6930107068764	1.2429754373126
46.844086597319	7.9632992739762	-0.28045017136285
47.100065212605	7.7578559100077	-2.2730902114859
47.356043827891	6.2665025079654	-3.3938832157465
47.612022443177	4.6694891881712	-2.9620856212803
47.868001058463	4.2368196406642	-1.4852743899648
48.123979673749	5.3646580445385	-0.27286462798647
48.379958289034	7.2916467005011	-0.45241423308392
48.635936904320	8.6828625696693	-2.1575240350381
48.891915519606	8.5961031742531	-4.4806660409795
49.147894134892	7.0975641143761	-6.1643909166653
49.403872750178	5.1255680001553	-6.4665364880259
49.659851365464	3.7876209541609	-5.5820667013552
49.915829980750	3.6394679971355	-4.4031610308299
50.171808596036	4.4105657219678	-3.8764838370667
50.427787211322	5.2664197371903	-4.4187194994413
50.683765826607	5.3623510079846	-5.7155027646065
50.939744441893	4.3437629904221	-6.9475114258882
51.195723057179	2.5501321589793	-7.2739568123583
51.451701672465	0.84554968094594	-6.3241456563961
51.707680287751	0.15075865009667	-4.4578350900144
51.963658903037	0.88994503174742	-2.6309227156631
52.219637518323	2.6612228091822	-1.8740621461495
52.475616133609	4.3899555964589	-2.6376249127556
52.731594748895	4.9622029581181	-4.4244655886522
52.987573364181	3.9785121461092	-6.0297989114329
53.243551979466	2.0951309785212	-6.3154490740348
53.499530594752	0.64011346235415	-5.0184499148878
53.755509210038	0.70861937126631	-2.9929796922193
54.011487825324	2.3686422031877	-1.6547828622419
54.267466440610	4.5762941895331	-1.9917815944991
54.523445055896	5.8921939007612	-3.8556648823832
54.779423671182	5.4897727871084	-6.0592298265796
55.035402286468	3.7261062429717	-7.2096742578809
55.291380901754	1.8757543463763	-6.6721470170026
55.547359517040	1.2400393342093	-4.9856044292869
55.803338132325	2.2688379031596	-3.4703977234029
56.059316747611	4.2807313744289	-3.3326513413771
56.315295362897	5.9286100365546	-4.8768625893271
56.571273978183	6.0736793937576	-7.3180031820723
56.827252593469	4.5101445004870	-9.2789024498716
57.083231208755	2.1095656204916	-9.6508300498292
57.339209824041	0.30394828962459	-8.3024302451371
57.595188439327	0.20063110575006	-6.2106680411048
57.851167054613	1.8458021944317	-4.9012930660358
58.107145669898	4.1111426279740	-5.4887540904674
58.363124285184	5.3464136385345	-7.8949764738562
58.619102900470	4.4534997266976	-10.795416767653
58.875081515756	1.6891288577558	-12.422562031105
59.131060131042	-1.4090954780865	-11.759301671839
59.387038746328	-3.0175991812270	-9.2989071502982
59.643017361614	-2.2994312303184	-6.7699104802326
59.898995976900	-0.030765128284751	-5.9474578169023
60.154974592186	1.9274765816544	-7.3834408982277
60.410953207472	1.9670444677902	-10.005091749271
60.666931822757	-0.10544377617629	-11.906482565414
60.922910438043	-2.9563095755299	-11.748764571366
61.178889053329	-4.7385566617730	-9.7149346222583
61.434867668615	-4.4485685283473	-7.3173318099994
61.690846283901	-2.6071948609430	-6.2451382434242
61.946824899187	-0.80162813897633	-7.1490104031999
62.202803514473	-0.49694818313651	-9.2475251620761
62.458782129759	-2.0231055562230	-10.969349611485
62.714760745045	-4.4275864511122	-11.086809846431
62.970739360330	-6.2042185584262	-9.5199903728940
63.226717975616	-6.3216256805432	-7.3191485326964
63.482696590902	-4.8665171619185	-5.9297474791102
63.738675206188	-2.9532922483683	-6.2629557108377
63.994653821474	-2.0184082676452	-8.1290802882644
64.250632436760	-2.9306838782998	-10.332071544547
64.506611052046	-5.4138439108814	-11.368783489630
64.762589667332	-8.1276995471029	-10.368407877318
65.018568282618	-9.4357268916349	-7.7360443502158
65.274546897904	-8.4787694780857	-5.0396887060767
65.530525513189	-5.8803395565088	-4.0742018153553
65.786504128475	-3.5044876172268	-5.6109747639144
66.042482743761	-3.2642201926446	-8.7035084455895
66.298461359047	-5.7207968918266	-11.177700954271
66.554439974333	-9.5266336350335	-11.114511768762
66.810418589619	-12.262930434073	-8.3003576590158
67.066397204905	-12.171952281499	-4.5012800216383
67.322375820191	-9.5009286676301	-2.2385788237871
67.578354435477	-6.3739840631043	-2.9280312853333
67.834333050763	-5.2265596163796	-5.8145465643671
68.090311666048	-6.9940724449385	-8.5530364033056
68.346290281334	-10.463913820160	-8.9837451960351
68.602268896620	-13.265693729377	-6.7023438007714
68.858247511906	-13.664651903329	-3.2284683939933
69.114226127192	-11.736116026905	-0.74168051689878
69.370204742478	-9.0926640757994	-0.47479498807496
69.626183357764	-7.5433664003607	-2.0072259304819
69.882161973050	-7.8360452817019	-3.8454911398931
70.138140588336	-9.3837553635430	-4.6337567704391
70.394119203621	-10.956108964545	-3.9908164822001
70.650097818907	-11.600263788977	-2.4875840271431
70.906076434193	-11.099585358886	-1.0529067220044
71.162055049479	-9.8601564050349	-0.40811764424404
71.418033664765	-8.5752244304604	-0.83901101439546
71.674012280051	-7.9676679376278	-2.1839322640307
71.929990895337	-8.5802958228773	-3.8428189819509
72.185969510623	-10.473643526647	-4.8766912534935
72.441948125909	-12.956913679179	-4.4156721710872
72.697926741195	-14.741477686954	-2.3151366283605
72.953905356480	-14.706318711672	0.45185181780296
73.209883971766	-12.849997084299	2.2181846895234
73.465862587052	-10.587012762651	1.8018382874550
73.721841202338	-9.8942780624606	-0.41073745815353
73.977819817624	-11.780993099494	-2.4866425875287
74.233798432910	-15.297997717605	-2.2875928871934
74.489777048196	-18.040076238330	0.81351703119947
74.745755663482	-17.913249293600	5.2560340720171
75.001734278768	-14.816593072191	8.3310655923019
75.257712894054	-10.845780527867	8.2128120175875
75.513691509339	-8.7761560757070	5.3883530330105
75.769670124625	-9.9822533981906	2.3305384469262
76.025648739911	-13.415418173003	1.6562622079163
76.281627355197	-16.410304250111	4.2015085144660
76.537605970483	-16.656977879360	8.4623323247519
76.793584585769	-13.832814402522	11.746367724395
77.049563201055	-9.7462566073965	12.100209924327
77.305541816341	-7.0067915766053	9.6100591831807
77.561520431627	-7.2463608223659	6.2522138091315
77.817499046912	-10.091695215004	4.5231855978123
78.073477662198	-13.466039620364	5.8172646385934
78.329456277484	-14.937001405836	9.5536640296169
78.585434892770	-13.263013864525	13.531063154775
78.841413508056	-9.2314013541818	15.288787938213
79.097392123342	-5.2633790786542	13.703075500964
79.353370738628	-3.9231661341740	9.8520498274627
79.609349353914	-6.1622204827201	6.4918970634889
79.865327969200	-10.465505388956	6.2878924318126
80.121306584486	-13.668909137752	9.8662483743837
80.377285199771	-13.120354527016	15.116743880284
80.633263815057	-8.7381994924439	18.488476948213
80.889242430343	-3.3327556973261	17.561085465468
81.145221045629	-0.69919602134863	13.015709959126
81.401199660915	-2.7499241465007	8.3512823948111
81.657178276201	-7.9037785785818	7.3485759505422
81.913156891487	-12.137115222108	11.146551292742
82.169135506773	-12.017300925716	17.267894792730
82.425114122059	-7.3632955246093	21.467343165207
82.681092737345	-1.3863185543425	20.993756537539
82.937071352630	1.8226419745780	16.669318450401
83.193049967916	0.43288599327778	12.144899766125
83.449028583202	-3.8575997941782	11.003076551627
83.705007198488	-7.3282051173517	14.085813470346
83.960985813774	-7.1531414407480	19.108375696924
84.216964429060	-3.3573238325661	22.648920133166
84.472943044346	1.5669806072349	22.730909148934
84.728921659632	4.7712578391530	19.980851216611
84.984900274918	5.0487243500161	16.745561619808
85.240878890203	3.3043135597580	15.205456665422
85.496857505489	1.5241182914884	16.031897562078
85.752836120775	1.3417620163705	18.332961178350
86.008814736061	3.2207029155170	20.502639001628
86.264793351347	6.4631211500648	21.160637208708
86.520771966633	9.6735935874523	19.739015449140
86.776750581919	11.369223264094	16.732932445497
87.032729197205	10.702402786339	13.631091406206
87.288707812491	8.1558698333285	12.310776953468
87.544686427777	5.6651775828836	13.856341842608
87.800665043062	5.6300632813414	17.445261073465
88.056643658348	9.1068483155916	20.397484082585
88.312622273634	14.522200245372	19.879003830158
88.568600888920	18.317053649656	15.277758096869
88.824579504206	17.525569209152	9.2513171759752
89.080558119492	12.430320186651	6.1359429660281
89.336536734778	6.9075900305501	8.5729738260916
89.592515350064	5.7250298692949	15.031909443245
89.848493965350	10.698863230234	20.549600955713
90.104472580636	18.904505038772	20.450542861043
90.360451195921	24.681335061267	14.157451215905
90.616429811207	24.021674207910	5.8719719628702
90.872408426493	17.797028538185	1.3921648591671
91.128387041779	11.120247873884	3.5830681010113
91.384365657065	9.3363166569594	10.190162137419
91.640344272351	13.927178760195	15.725137632871
91.896322887637	21.596525270168	15.768932375706
92.152301502923	27.060485585676	10.163193338038
92.408280118209	27.067057652446	2.7143137922056
92.664258733494	22.447441166280	-1.9739987162858
92.920237348780	16.947241981124	-1.7705449771336
93.176215964066	14.251167932048	2.0098113392100
93.432194579352	15.687188337130	6.1258195249731
93.688173194638	19.987759464191	7.7454349545328
93.944151809924	24.606301858114	5.8500294695353
94.200130425210	27.219698028995	1.2614522390174
94.456109040496	26.607974136163	-4.0520721315770
94.712087655782	23.015074394746	-7.7703239299770
94.968066271068	18.226248157694	-8.1217330314022
95.224044886353	15.064196062552	-4.9740037630881
95.480023501639	15.906845798354	-0.49906500035008
95.736002116925	20.756375586984	1.6385631584083
95.991980732211	26.472924628878	-1.2540308085523
96.247959347497	28.503131267420	-8.3619518523888
96.503937962783	24.428539588555	-15.163173479673
96.759916578069	16.563006569531	-16.511326173493
97.015895193355	10.914376979530	-11.011897587854
97.271873808641	12.626801277377	-2.9546161739481
97.527852423926	21.355510043133	0.44456971606765
97.783831039212	30.723900669199	-5.1856139188887
98.039809654498	32.945274598955	-17.272606442919
98.295788269784	25.197461438873	-27.677104851873
98.551766885070	12.408446110358	-28.919217057040
98.807745500356	3.7707777537585	-20.327616050712
99.063724115642	5.5352948854222	-8.9052372423117
99.319702730928	15.947648571395	-3.9522595105884
99.575681346214	26.576883478823	-9.7361080462447
99.831659961500	29.000270356131	-22.205830463024
100.08763857679	21.360912535916	-32.389775232906
100.34361719207	9.5073315275079	-33.569768558329
100.59959580736	2.0171288934173	-26.331106404022
100.85557442264	3.3976857199207	-17.583341517632
101.11155303793	10.962664100115	-14.734775937193
101.36753165321	17.538413339001	-19.982395940164
101.62351026850	17.353194461477	-29.147647362786
101.87948888379	10.243486781460	-35.477149631809
102.13546749907	1.1800501493699	-34.943829093573
102.39144611436	-3.9319644066517	-28.900330658936
102.64742472964	-2.5922057575464	-22.520202965773
102.90340334493	2.9120631652984	-20.772677157799
103.15938196022	7.5385562491075	-25.081189175531
103.41536057550	7.0243838493264	-32.718688374136
103.67133919079	0.49337344320195	-38.822116904541
103.92731780607	-9.1872558106081	-39.430526372827
104.18329642136	-17.161419517899	-33.797797372404
104.43927503665	-19.389595467389	-24.895473338957
104.69525365193	-15.113722141918	-17.860243898231
104.95123226722	-7.6404372438548	-17.008173783436
105.20721088250	-2.6762255863007	-22.926320961266
105.46318949779	-4.7594505443769	-31.573497132788
105.71916811308	-13.881625858326	-36.506012169018
105.97514672836	-24.879187116439	-33.264299853461
106.23112534365	-30.639338617192	-22.959016879299
106.48710395893	-27.273279029213	-12.069763785242
106.74308257422	-17.419758464306	-8.0239785994342
106.99906118950	-8.7687136414766	-13.559421037095
107.25503980479	-8.4720395842070	-24.288881878907
107.51101842008	-17.587678934458	-31.716605451073
107.76699703536	-30.033313828886	-29.654109354147
108.02297565065	-37.119158488393	-19.060708957556
108.27895426593	-34.230894432903	-7.3890469638348
108.53493288122	-24.397004314508	-2.8525308583037
108.79091149651	-15.915523078959	-8.1125017213179
109.04689011179	-15.951932232792	-18.323862368906
109.30286872708	-25.150678125151	-24.950881177422
109.55884734236	-37.338414870325	-22.233791997696
109.81482595765	-44.296312947415	-11.314713332079
110.07080457294	-41.768320194399	0.88347617000833
110.32678318822	-32.268400760862	6.8337155869808
110.58276180351	-22.971033520859	3.6421225292646
110.83874041879	-20.589802270184	-5.2581372284756
111.09471903408	-26.953440100266	-12.735147024480
111.35069764936	-38.060417819113	-12.783552968898
111.60667626465	-46.876108853243	-4.3350749286486
111.86265487994	-47.893280910433	8.1730414627507
112.11863349522	-40.663823664031	17.654820874858
112.37461211051	-30.210364258645	18.938438360743
112.63059072579	-23.934716397848	12.331811860881
112.88656934108	-26.667856148363	3.8320378657135
113.14254795637	-36.939517576194	1.3902132438117
113.39852657165	-47.315192822174	9.2404184454620
113.65450518694	-49.283359698263	24.169840236966
113.91048380222	-39.760188302104	36.983854188726
114.16646241751	-24.325216882950	38.970991387910
114.42244103280	-13.954073695022	29.011911410055
114.67841964808	-16.813431856809	15.565600356679
114.93439826337	-31.152342213645	11.027302748549
115.19037687865	-45.427634750605	22.013385647406
115.44635549394	-46.597795790029	43.162982092913
115.70233410923	-30.686017260928	60.137275139628
115.95831272451	-7.0125942797726	60.404195670470
116.21429133980	8.1337097403615	43.620299893122
116.47026995508	4.1219543389707	22.909985505558
116.72624857037	-15.055516061335	15.213580472068
116.98222718565	-33.156929496075	27.897176437007
117.23820580094	-34.135705408882	52.422696988162
117.49418441623	-14.947964620164	70.615032692924
117.75016303151	11.722395810903	68.890516930921
118.00614164680	27.320060822605	49.091524998401
118.26212026208	22.090915164267	27.078805441862
118.51809887737	2.7509486359123	20.110065441094
118.77407749266	-13.033767967455	33.176088848112
119.03005610794	-10.817543456043	55.287369076912
119.28603472323	9.2942901882069	68.537974970652
119.54201333851	33.147185859354	62.421121144523
119.79799195380	44.132961227469	41.844966079735
120.05397056909	36.293504492994	22.711304777166
120.30994918437	18.527056282604	19.060619792356
120.56592779966	7.0202263062833	32.274260202465
120.82190641494	12.445084718630	50.638657741825
121.07788503023	32.144617510964	58.971116073463
121.33386364551	52.950438300668	50.232909006585
121.58984226080	61.669667494977	30.163900583687
121.84582087609	54.707737708220	12.064980413263
122.10179949137	39.775898988922	6.5425977486487
122.35777810666	29.271465639797	14.252307767089
122.61375672194	31.068158698108	26.528184087099
122.86973533723	43.577922093437	32.463837599913
123.12571395252	57.953469458524	26.643298321605
123.38169256780	64.914134122722	12.151401404751
123.63767118309	60.963083325418	-2.4444129274061
123.89364979837	50.060512040576	-9.2772900140356
124.14962841366	40.380275490221	-6.1806504540545
124.40560702895	38.801604114059	2.3560397628953
124.66158564423	46.630666594109	8.3443101395854
124.91756425952	58.876850545857	5.4020594483926
125.17354287480	67.334808281983	-7.1569025014914
125.42952149009	65.749165670140	-23.603287482589
125.68550010538	54.120969615839	-35.102660917974
125.94147872066	39.334652257198	-35.439305357804
126.19745733595	31.122440708850	-25.689516991407
126.45343595123	35.405144668042	-14.366937775056
126.70941456652	49.429350174515	-12.116682913728
126.96539318180	62.706869131099	-24.006210489529
127.22137179709	64.020306299171	-44.976974815911
127.47735041238	49.948907601378	-62.545545861070
127.73332902766	28.346913887810	-65.674301821813
127.98930764295	13.298365165515	-53.519160625640
128.24528625823	14.582031765946	-36.969748908714
128.50126487352	29.592613815916	-30.936632325059
128.75724348881	44.540608291274	-42.751815925194
129.01322210409	44.770103073469	-65.808907846674
129.26920071938	26.471575419388	-84.053815415337
129.52517933466	0.29872213197975	-84.399405668457
129.78115794995	-16.560801354454	-67.376680785747
130.03713656524	-13.970914627134	-47.211298973846
130.29311518052	2.7727557625571	-40.796356406746
130.54909379581	16.799753165279	-54.162457376561
130.80507241109	12.965195365348	-77.395119568663
131.06105102638	-10.013528431013	-92.299235231918
131.31702964166	-38.414597963526	-86.764808431879
131.57300825695	-54.319155075151	-64.288988273148
131.82898687224	-49.638380949983	-41.057144248220
132.08496548752	-32.137006791543	-33.107314013053
132.34094410281	-18.897426873251	-44.000797435959
132.59692271809	-22.834869259387	-62.675349181215
132.85290133338	-43.133984720571	-72.658166674162
133.10887994867	-66.778522616613	-64.804719560096
133.36485856395	-79.179644635634	-43.512154094989
133.62083717924	-75.014997429689	-22.243780858404
133.87681579452	-61.085965401445	-12.820894305511
134.13279440981	-49.991269600259	-17.184221377046
134.38877302510	-50.477498318812	-27.353608794001
134.64475164038	-61.934829954858	-32.396550664823
134.90073025567	-76.245312839465	-26.305732679202
135.15670887095	-84.348193110392	-11.185204646531
135.41268748624	-82.184255651115	5.4179189445755
135.66866610153	-72.377315441068	16.030836713920
135.92464471681	-61.668733642349	17.644453222345
136.18062333210	-56.555608943208	12.843750486071
136.43660194738	-59.692686733271	7.8698365781696
136.69258056267	-68.518781329514	8.9883315609343
136.94855917795	-76.590175044673	18.796181106402
137.20453779324	-77.287171112962	34.233512184751
137.46051640853	-68.302853844870	47.881932982316
137.71649502381	-54.039186303669	52.657985565578
137.97247363910	-43.390734332688	47.335803935249
138.22845225438	-43.374015139768	38.569185248989
138.48443086967	-52.962084640320	36.712712987836
138.74040948496	-62.622617199067	47.604037508741
138.99638810024	-61.243961210036	66.779738748631
139.25236671553	-45.665468488947	81.855736999515
139.50834533081	-24.601245665464	82.404326643153
139.76432394610	-12.415248729271	69.550840547026
140.02030256139	-16.872185627419	56.433334833532
140.27628117667	-31.244907442977	57.763893056214
140.53225979196	-38.635540349824	76.589776165608
140.78823840724	-26.127751438670	100.04858701128
141.04421702253	2.9889818429884	109.10746289272
141.30019563781	30.301746910580	95.010791271034
141.55617425310	37.118150430599	68.219934239655
141.81215286839	21.043619159449	51.011635243484
142.06813148367	-0.43890399482458	58.865892856510
142.32411009896	-3.6875952950641	86.308019614704
142.58008871424	20.922517499034	110.10837996544
142.83606732953	59.709359586684	108.21069820142
143.09204594482	86.073117101296	78.757868766908
143.34802456010	82.543821424417	42.661219506423
143.60400317539	55.924868743264	26.777080970302
143.85998179067	32.276404670118	41.474710866800
144.11596040596	35.495784604842	71.610463643357
144.37193902125	67.395169644999	88.806074996052
144.62791763653	106.10535275627	74.851977316635
144.88389625182	124.14159439796	36.591444510356
145.13987486710	110.87191781165	-0.060421222937210
145.39585348239	80.650093198712	-11.618674058237
145.65183209767	60.278438201349	4.1374373950740
145.90781071296	66.854520844805	27.399859655377
146.16378932825	94.581732406895	33.462945320144
146.41976794353	120.84020180407	12.822679125278
146.67574655882	125.41003316006	-22.288377089038
146.93172517410	106.35837594260	-49.300218750571
147.18770378939	80.003625408811	-54.061513715762
147.44368240468	66.312753344914	-41.230162288093
147.69966101996	72.771165288024	-28.713425664102
147.95563963525	89.772333852116	-32.154976146816
148.21161825053	99.999440807075	-52.853449477712
148.46759686582	92.821346069122	-78.298383857204
148.72357548111	71.789909651097	-93.417185912653
148.97955409639	50.252918190436	-92.420238894723
149.23553271168	40.052168057199	-82.018301979098
149.49151132696	42.907762645427	-74.785421785602
149.74748994225	50.548901147153	-79.153878967107
150.00346855754	52.057882260816	-93.969184448573
150.25944717282	41.852232987876	-110.71844315082
150.51542578811	22.584775795825	-120.38797611174
150.77140440339	2.0627286078084	-119.32875455683
151.02738301868	-12.447843060906	-110.54312889097
151.28336163396	-18.381535325571	-100.72506426365
151.53934024925	-18.508055385945	-95.856941575716
151.79531886454	-18.640453297655	-98.049285438815
152.05129747982	-24.204238203079	-104.79267336463
152.30727609511	-37.302519879281	-110.48976254115
152.56325471039	-55.416669057546	-109.50883650935
152.81923332568	-72.462784024618	-99.538026153834
153.07521194097	-82.138046685299	-83.511312578776
153.33119055625	-82.081972997523	-68.510573415047
153.58716917154	-76.190953015108	-61.553887668739
153.84314778682	-72.887883501215	-64.544210473379
154.09912640211	-79.684966858167	-72.017670848730
154.35510501740	-97.442184183697	-74.033259545442
154.61108363268	-118.72605301067	-62.932400299157
154.86706224797	-132.22468997220	-39.352156124139
155.12304086325	-130.66369794806	-12.717547798454
155.37901947854	-116.53338508441	4.8511183595599
155.63499809382	-100.98382591314	7.2136228462752
155.89097670911	-96.136132157326	-0.96779723993472
156.14695532440	-106.22896749019	-7.2290803511698
156.40293393968	-124.30881256830	-0.27100309033738
156.65891255497	-137.22592212550	21.723844750466
156.91489117025	-135.32985070462	49.819353854217
157.17086978554	-119.46203434697	71.173454984872
157.42684840083	-99.824911287055	78.701650270601
157.68282701611	-87.707106224936	75.965657383238
157.93880563140	-86.776781532270	73.525451207021
158.19478424668	-90.955109614938	79.959015893675
158.45076286197	-90.356311580036	95.110317929585
158.70674147726	-79.979739914550	111.12336063753
158.96272009254	-63.577583407221	120.04901566251
159.21869870783	-49.460168930485	121.07669463206
159.47467732311	-42.242476144090	120.83881352210
159.73065593840	-38.250608017680	126.55582216690
159.98663455369	-29.012272261349	138.45150237949
160.24261316897	-9.7461079733799	148.74375171384
160.49859178426	15.135398357200	148.55528231324
160.75457039954	35.063290306965	136.57260708512
161.01054901483	42.602132036577	121.22935106961
161.26652763011	40.589816281647	113.84437361841
161.52250624540	40.237787074037	118.57169432170
161.77848486069	51.434843758379	128.37081499891
162.03446347597	73.888549194172	131.02395770946
162.29044209126	97.333574512425	119.98784812828
162.54642070654	110.84221791359	100.14593672399
162.80239932183	112.72270001911	83.012279933183
163.05837793712	111.70684705478	75.749899668166
163.31435655240	118.16733704769	74.357664258274
163.57033516769	133.61624601462	67.673555849747
163.82631378297	148.65462607167	48.625527170436
164.08229239826	151.73428559452	22.007400203799
164.33827101355	140.69992459370	0.97125978880744
164.59424962883	126.00898672188	-5.0053542162964
164.85022824412	122.01219038859	0.43210751524993
165.10620685940	133.92734142369	2.8040347402148
165.36218547469	152.52792904957	-10.766312505507
165.61816408997	161.72008880996	-40.117673295799
165.87414270526	152.32505665550	-72.063264375384
166.13012132055	129.62591748738	-91.829444930387
166.38609993583	108.03958185332	-95.437837622896
166.64207855112	98.182359239626	-91.913885931970
166.89805716640	98.376294065710	-93.905881080020
167.15403578169	97.998722591694	-106.03884481800
167.41001439698	88.653462414897	-121.93445662460
167.66599301226	71.983274471524	-132.01529162794
167.92197162755	56.792507371874	-133.72490361902
168.17795024283	48.974762437148	-133.82958464121
168.43392885812	44.792296014992	-140.73187886020
168.68990747341	34.454311505813	-154.86956189268
168.94588608869	12.410656333290	-167.19528328363
169.20186470398	-16.118343576122	-167.57044803479
169.45784331926	-39.213270411314	-154.84989684020
169.71382193455	-49.204039194209	-138.55639014011
169.96980054984	-49.827390887915	-130.27015022570
170.22577916512	-52.558677380670	-133.02766319794
170.48175778041	-65.718963553620	-139.00585316393
170.73773639569	-87.025053671880	-137.57128899572
170.99371501098	-106.71634490763	-125.55913599127
171.24969362626	-117.80492954379	-109.59542609531
171.50567224155	-122.95562117353	-98.409789981954
171.76165085684	-131.06035491707	-93.216367118387
172.01762947212	-147.13313664314	-86.160078129153
172.27360808741	-166.04796157403	-68.569390348628
172.52958670269	-176.84248097372	-40.637863021778
172.78556531798	-173.55628689588	-12.453799463647
173.04154393327	-161.70764619628	5.1209050713188
173.29752254855	-153.59620049145	10.893478901450
173.55350116384	-156.72908177574	14.652889008925
173.80947977912	-166.69806355872	27.806258609090
174.06545839441	-171.60619918415	52.438575289843
174.32143700970	-163.71461571068	79.583746860995
174.57741562498	-146.74071850471	98.382042698356
174.83339424027	-131.53858126395	106.89563281292
175.08937285555	-124.57027284307	113.62163654903
175.34535147084	-120.96253748639	128.07824068178
175.60133008612	-109.48475650634	150.00749505916
175.85730870141	-84.732458500449	168.46621606941
176.11328731670	-54.164015920139	172.36305361506
176.36926593198	-32.274087265827	162.32129349816
176.62524454727	-26.832333310418	151.80334724129
176.88122316255	-30.381874547578	155.50240180214
177.13720177784	-25.724604968632	175.48141081446
177.39318039313	-0.94630515620839	198.21430980698
177.64915900841	39.712931584575	205.73080985213
177.90513762370	79.187053425833	190.89909454468
178.16111623898	102.03965507773	163.05772660162
178.41709485427	106.88049941536	139.27713207827
178.67307346956	105.93139307049	129.70818767683
178.92905208484	113.12010108447	130.29728242654
179.18503070013	132.27636995549	128.49659717742
179.44100931541	155.79822505467	115.34774736785
179.69698793070	173.47256638847	92.272554403887
179.95296654599	181.81211826695	67.262183382966
180.20894516127	185.09712463507	45.863498827872
180.46492377656	188.57546789249	26.651311481525
180.72090239184	192.08536525876	5.0832387757442
180.97688100713	190.97233264169	-19.567706068176
181.23285962241	182.67094948753	-42.400733073536
181.48883823770	171.04343187744	-58.286783962578
181.74481685299	163.15095493178	-68.321977919577
182.00079546827	161.65011936978	-79.761381053288
182.25677408356	161.18177082749	-98.864855840717
182.51275269884	153.20354060548	-124.02920343256
182.76873131413	134.66625623015	-146.79875288703
183.02470992942	111.38570011863	-160.24420449652
183.28068854470	92.097370338090	-166.13441245937
183.53666715999	79.018647526981	-173.02395536904
183.79264577527	64.983021287654	-186.64916129486
184.04862439056	40.918030588673	-202.50872259863
184.30460300585	6.5584721063140	-209.07635425437
184.56058162113	-26.972637793949	-199.48804743495
184.81656023642	-46.669276400675	-180.20585562872
185.07253885170	-50.863578777700	-166.98071740094
185.32851746699	-52.914629031079	-170.50379687934
185.58449608227	-70.327545404136	-184.95720367395
185.84047469756	-108.33320696264	-191.19169853980
186.09645331285	-153.28007133769	-173.00638890782
186.35243192813	-182.99641782520	-132.22889126622
186.60841054342	-185.66822927345	-88.450514807663
186.86438915870	-170.37160382187	-62.857313804144
187.12036777399	-159.46302531509	-60.236835101420
187.37634638928	-169.35189417339	-65.202897896746
187.63232500456	-196.70182074737	-55.939658816143
187.88830361985	-222.08136095184	-23.040252873236
188.14428223513	-227.24626611197	23.225074206471
188.40026085042	-210.27194092740	62.968132380004
188.65623946571	-185.46232908974	84.160210784349
188.91221808099	-169.29958354013	91.648203199100
189.16819669628	-166.04664382421	100.52694394833
189.42417531156	-165.81394677660	121.29092330791
189.68015392685	-155.50801235141	150.95594761529
189.93613254214	-131.28521608519	177.57099187503
190.19211115742	-100.82178448668	192.46349539663
190.44808977271	-74.343540043269	197.83613284867
190.70406838799	-54.153509564483	202.83208513788
190.96004700328	-33.106998054537	212.85736310619
191.21602561856	-3.0780874734710	223.25433256122
191.47200423385	35.443969733125	223.62072011913
191.72798284914	72.335400214280	208.36358538326
191.98396146442	96.501324887219	183.04621548697
192.23994007971	105.94005895540	160.30604534221
192.49591869499	109.72880001694	149.13197503478
192.75189731028	120.20209321522	147.37451791209
193.00787592557	142.59291115834	144.03497814682
193.26385454085	171.25644022663	128.77732472728
193.51983315614	195.10797051898	99.969054573972
193.77581177142	206.66213107512	64.710378351553
194.03179038671	206.66986883237	32.008838756949
194.28776900200	201.31379325098	5.9588126045956
194.54374761728	195.85746378101	-15.393930626199
194.79972623257	191.00540657989	-35.878879052433
195.05570484785	184.52513757805	-56.786174782533
195.31168346314	175.25524625630	-76.463857541486
195.56766207842	164.84691562040	-93.455446850535
195.82364069371	155.63531903371	-109.17017172109
196.07961930900	147.29086257724	-127.01717222800
196.33559792428	136.02133321914	-148.87934164326
196.59157653957	117.32278147214	-172.52497965376
196.84755515485	89.737426441524	-192.51166837738
197.10353377014	56.278473259913	-203.74045579772
197.35951238543	22.553412440954	-204.57869322152
197.61549100071	-6.5065250549753	-197.30923085185
197.87146961600	-28.756666531679	-186.27009440764
198.12744823128	-44.934117958744	-175.64931449106
198.38342684657	-57.732793251692	-168.25057095579
198.63940546186	-70.967931495424	-164.94836634066
198.89538407714	-88.697503751596	-164.07395514977
199.15136269243	-113.50246534089	-161.04194923906
199.40734130771	-144.14535117669	-149.53993490807
199.66331992300	-174.45113919911	-124.86832281356
199.91929853829	-195.36943573621	-87.818668038633
200.17527715357	-200.00831523768	-45.991648882464
200.43125576886	-188.61213472174	-10.569666014087
200.68723438414	-169.62813140589	10.161156129049
200.94321299943	-155.31034931586	16.381634410456
201.19919161471	-154.21086799346	17.295006308722
201.45517023000	-165.42755074274	25.748421983003
201.71114884529	-178.62969453315	50.083164142449
201.96712746057	-180.18951003807	88.434003871189
202.22310607586	-161.72317621538	129.30152404407
202.47908469114	-125.64253878042	158.28894277876
202.73506330643	-84.035273123930	166.92275467445
202.99104192172	-51.326405666083	157.95148414035
203.24702053700	-35.251965483335	143.51319613504
203.50299915229	-32.079952257513	137.08203638348
203.75897776757	-29.519252908743	144.41651402942
204.01495638286	-15.590352426905	159.80786687008
204.27093499815	12.719307050010	170.51996140080
204.52691361343	47.436612637543	166.36760378837
204.78289222872	75.899342474188	147.23756772316
205.03887084400	90.531712562935	122.62598114622
205.29484945929	94.217362648060	103.52879995216
205.55082807457	96.796434961884	93.449820510373
205.80680668986	105.72272009211	86.272370648192
206.06278530515	119.19333714955	72.910700407461
206.31876392043	128.12390848506	50.737162204679
206.57474253572	125.38818902976	26.914862230112
206.83072115100	113.73477857878	12.048676651623
207.08669976629	104.45566123782	9.6660858038160
207.34267838158	107.23282423781	11.572551329882
207.59865699686	120.26612795882	4.3254776421466
207.85463561215	130.43168097529	-18.271592103973
208.11061422743	124.46886161619	-48.143850978843
208.36659284272	101.63095156039	-68.777734453766
208.62257145801	75.869254557973	-69.698608653647
208.87855007329	64.452081831024	-56.742782208380
209.13452868858	72.472495974424	-48.099098497759
209.39050730386	87.348949152492	-58.632885970210
209.64648591915	89.170044780538	-86.146741131196
209.90246453443	68.415946116064	-112.39891155227
210.15844314972	35.202877358082	-118.87149791150
210.41442176501	11.056157931676	-103.66676679748
210.67040038029	9.7781167902033	-84.094066290963
210.92637899558	24.333521837968	-81.797485156803
211.18235761086	32.051042609111	-103.06516503982
211.43833622615	14.384779988334	-131.97043483404
211.69431484144	-25.873082148144	-143.21755443551
211.95029345672	-65.509709093034	-124.15544515265
212.20627207201	-79.987147455013	-86.805254704366
212.46225068729	-64.681452932774	-58.867139572986
212.71822930258	-39.829881656069	-60.740583126613
212.97420791787	-34.398155706631	-87.923082743169
213.23018653315	-62.096341925102	-113.92659087134
213.48616514844	-109.62811419865	-111.60355498078
213.74214376372	-147.07963019829	-75.261932905147
213.99812237901	-151.88191900663	-25.320545731510
214.25410099430	-126.65544774906	8.1541922671370
214.51007960958	-96.593634021791	9.3469900738063
214.76605822487	-89.001432199007	-11.342929768661
215.02203684015	-111.88377290361	-26.404246749465
215.27801545544	-148.56512082355	-13.307451116118
215.53399407072	-171.78892908246	28.435950386566
215.78997268601	-165.14614697004	78.346302446426
216.04595130130	-134.59042400835	112.21305357483
216.30192991658	-101.66680624023	120.89293329905
216.55790853187	-85.057071226693	115.74489922971
216.81388714715	-85.902639447656	117.31040349034
217.06986576244	-88.424104335994	137.42396808592
217.32584437773	-74.413168626132	169.66325721624
217.58182299301	-38.969278786848	195.55628009329
217.83780160830	5.6838145337167	200.72979745686
218.09378022358	41.197311648545	187.06818263311
218.34975883887	59.284033894989	170.49669294784
218.60573745416	69.014877061696	166.25340109899
218.86171606944	88.570710184286	174.35998154402
219.11769468473	128.13944506902	178.27121820496
219.37367330001	178.78546230894	158.73206992090
219.62965191530	217.78320526057	111.52812028333
219.88563053058	227.06498318539	53.496460151443
220.14160914587	209.47780735552	10.300179514054
220.39758776116	188.12823906551	-4.8811180223632
220.65356637644	187.77775143433	-3.6792143495606
220.90954499173	213.08530258161	-14.130943992363
221.16552360701	242.62114458034	-57.096117209448
221.42150222230	245.27444891799	-126.96905461980
221.67748083759	206.44288415614	-193.98436832853
221.93345945287	141.75935586272	-227.72339655943
222.18943806816	85.450476871573	-222.69516347766
222.44541668344	61.894040528486	-203.70517802886
222.70139529873	64.309779915553	-205.10108826785
222.95737391402	59.666205395384	-240.65426055461
223.21335252930	16.841641501086	-290.01081529675
223.46933114459	-65.546036700987	-314.35780366404
223.72530975987	-155.99513403432	-288.81562859037
223.98128837516	-215.27611722103	-223.87134136503
224.23726699045	-228.76074111781	-156.85889599773
224.49324560573	-217.89613339128	-120.26804527605
224.74922422102	-220.47310845366	-114.18890146224
225.00520283630	-256.59961377464	-107.07814177724
225.26118145159	-310.14523230340	-64.452168343589
225.51716006687	-342.14772854693	19.528262216125
225.77313868216	-324.62057335194	115.42372046194
226.02911729745	-265.09296239103	182.86029414863
226.28509591273	-200.22722140199	204.56841401216
226.54107452802	-164.05834371405	200.21341309097
226.79705314330	-158.75271137993	207.88768422861
227.05303175859	-153.51858234004	249.57769680292
227.30901037388	-112.50897444957	310.89236246616
227.56498898916	-27.228748084580	352.65475074449
227.82096760445	74.683167877255	344.06217004764
228.07694621973	151.56114736002	288.64333015547
228.33292483502	181.30431629003	221.05133496632
228.58890345031	177.83001655428	178.21081450302
228.84488206559	177.32638733190	169.87418076507
229.10086068088	207.17280855083	172.94987329405
229.35683929616	264.06101975486	152.78435733592
229.61281791145	318.41017890808	92.120167591298
229.86879652673	339.23501935715	3.7519901782460
230.12477514202	317.56248736698	-81.551658007564
230.38075375731	270.08366834710	-139.40147873120
230.63673237259	222.88807653722	-167.69124076353
230.89271098788	191.02004417709	-183.04165347078
231.14868960316	170.34630073363	-203.98882368153
231.40466821845	145.48355265921	-236.43886684998
231.66064683374	104.13982220697	-271.91225805083
231.91662544902	45.465824432731	-296.61297957302
232.17260406431	-21.974834756059	-301.41797169470
232.42858267959	-87.500630009082	-285.23028457750
232.68456129488	-143.42376529003	-252.16706405317
232.94053991017	-185.55731607644	-207.96135181521
233.19651852545	-212.18603795785	-158.90726173701
233.45249714074	-224.64311091823	-111.71444403529
233.70847575602	-228.39222883936	-71.233403500104
233.96445437131	-230.99267291871	-36.688530893829
234.22043298660	-236.25665520574	-0.94893688609896
234.47641160188	-239.29976426758	44.015378993862
234.73239021717	-228.48530108840	98.603270471616
234.98836883245	-194.73052305866	151.78849076678
235.24434744774	-140.99220480837	187.18103981080
235.50032606302	-82.894597771603	195.34567630117
235.75630467831	-38.381898898499	182.06211361694
236.01228329360	-14.295271281105	164.55944671602
236.26826190888	-1.4481958889809	157.95606950916
236.52424052417	17.015411275145	163.15603443826
236.78021913945	50.806302429323	166.71669444593
237.03619775474	93.936579962500	152.89464987522
237.29217637003	129.71331920746	117.36572893437
237.54815498531	144.58754861476	70.779603282005
237.80413360060	138.53786686562	29.577049531114
238.06011221588	123.26932558315	2.8176947744759
238.31609083117	110.80107812660	-13.212995438624
238.57206944646	103.43075216472	-28.617159358768
238.82804806174	93.975463940021	-48.703850140444
239.08402667703	75.001022373876	-68.870140308350
239.34000529231	47.387437818208	-79.856093050541
239.59598390760	19.892850756894	-77.408097292418
239.85196252288	0.70598505665580	-66.407995694782
240.10794113817	-10.045481291946	-55.506622177718
240.36391975346	-19.078042381683	-48.088028896741
240.61989836874	-31.349345251011	-39.157302028027
240.87587698403	-43.174464842871	-21.684393153498
241.13185559931	-44.724992237027	3.9397753292258
241.38783421460	-30.106377741021	27.399066885683
241.64381282989	-5.0478190307589	36.463271452402
241.89979144517	16.225378897755	28.434724220964
242.15577006046	23.091442695295	13.699568509592
242.41174867574	18.494975560375	6.9012840810515
242.66772729103	16.720222041758	13.147207134280
242.92370590632	29.975726395465	22.207140370716
243.17968452160	55.720728566139	17.011748454591
243.43566313689	76.884575128822	-10.449083017492
243.69164175217	75.780607137632	-50.231045590998
243.94762036746	49.730157489328	-81.300891996793
244.20359898275	14.159703959467	-88.782070696304
244.45957759803	-10.213393978234	-76.403936589126
244.71555621332	-15.101450602756	-62.777944881078
244.97153482860	-11.491237029316	-64.452379747077
245.22751344389	-19.291255720555	-80.695723472932
245.48349205917	-48.813763100270	-93.646703304750
245.73947067446	-90.525579954685	-83.857580758403
245.99544928975	-122.21105125435	-47.545160599646
246.25142790503	-127.24567457620	-0.37745664179549
246.50740652032	-107.95162847691	35.371287740754
246.76338513560	-82.605494934376	48.838037527431
247.01936375089	-69.236286812134	48.107260330461
247.27534236618	-70.714772439319	51.301191257041
247.53132098146	-73.842716422028	69.802810676264
247.78729959675	-62.309675199052	98.541698729823
248.04327821203	-31.355177888252	121.20141598129
248.29925682732	8.6517351662443	124.67667431390
248.55523544261	41.845986706588	109.48365773556
248.81121405789	60.096746480585	87.495808186588
249.06719267318	67.929681075775	70.321418577092
249.32317128846	75.757960717627	59.621043125785
249.57914990375	88.857662609491	47.791392785958
249.83512851903	102.63331490777	27.179748545803
250.09110713432	107.88169072486	-1.6775214267744
250.34708574961	100.07131443954	-30.487617736967
250.60306436489	83.372981364332	-51.107024598048
250.85904298018	65.952280612564	-62.630310784385
251.11502159546	51.794413129640	-70.727291569605
251.37100021075	37.483982817757	-80.333957007548
251.62697882604	17.095417241812	-89.431278190221
251.88295744132	-9.9172392268621	-90.434207847224
252.13893605661	-36.038605032526	-78.012510941067
252.39491467189	-51.360258081611	-55.597347044131
252.65089328718	-52.471680131060	-33.826928460850
252.90687190247	-46.003350098933	-21.840364684207
253.16285051775	-43.027411333289	-19.332358441570
253.41882913304	-49.079425968798	-16.921909187514
253.67480774832	-58.871545507072	-4.8862682888238
253.93078636361	-60.737302359652	17.424527622240
254.18676497890	-47.110853170788	40.008465413778
254.44274359418	-21.837438264306	50.108733170503
254.69872220947	2.1980731819199	42.835733968308
254.95470082475	13.188824458765	25.336177690692
255.21067944004	9.6344927265079	10.942126920214
255.46665805532	0.90417563137791	8.3484723697074
255.72263667061	-1.1471757615540	14.981815693141
255.97861528590	7.7381786350944	19.955349864909
