     f(GHz)     Re[Z] kOhm         Im[Z] kOhm    Re[Z]+log kOhm       Im[Z]+log kOhm
   0.00000E+00  0.44469E-03       0.00000E+00      -0.65486E-01         0.00000E+00
   0.46823      0.84424E-03       0.59151E-02      -0.65087E-01         0.59151E-02
   0.93647      0.20184E-02       0.11761E-01      -0.63914E-01         0.11761E-01
    1.4047      0.40250E-02       0.17553E-01      -0.61908E-01         0.17553E-01
    1.8729      0.71332E-02       0.23179E-01      -0.58801E-01         0.23179E-01
    2.3412      0.11572E-01       0.28124E-01      -0.54363E-01         0.28124E-01
    2.8094      0.17065E-01       0.31636E-01      -0.48871E-01         0.31636E-01
    3.2776      0.22763E-01       0.33315E-01      -0.43174E-01         0.33315E-01
    3.7459      0.27785E-01       0.33469E-01      -0.38153E-01         0.33469E-01
    4.2141      0.31772E-01       0.32803E-01      -0.34168E-01         0.32803E-01
    4.6823      0.34867E-01       0.31844E-01      -0.31073E-01         0.31844E-01
    5.1506      0.37272E-01       0.30759E-01      -0.28669E-01         0.30759E-01
    5.6188      0.38985E-01       0.29631E-01      -0.26957E-01         0.29631E-01
    6.0870      0.39969E-01       0.28726E-01      -0.25975E-01         0.28726E-01
    6.5553      0.40425E-01       0.28408E-01      -0.25520E-01         0.28408E-01
    7.0235      0.40810E-01       0.28842E-01      -0.25135E-01         0.28842E-01
    7.4918      0.41570E-01       0.29844E-01      -0.24376E-01         0.29844E-01
    7.9600      0.42884E-01       0.31034E-01      -0.23064E-01         0.31034E-01
    8.4282      0.44663E-01       0.32111E-01      -0.21286E-01         0.32111E-01
    8.8965      0.46757E-01       0.32965E-01      -0.19192E-01         0.32965E-01
    9.3647      0.49106E-01       0.33573E-01      -0.16845E-01         0.33573E-01
    9.8329      0.51708E-01       0.33850E-01      -0.14243E-01         0.33850E-01
    10.301      0.54485E-01       0.33632E-01      -0.11468E-01         0.33632E-01
    10.769      0.57212E-01       0.32804E-01      -0.87419E-02         0.32804E-01
    11.238      0.59609E-01       0.31420E-01      -0.63461E-02         0.31420E-01
    11.706      0.61491E-01       0.29696E-01      -0.44651E-02         0.29696E-01
    12.174      0.62841E-01       0.27874E-01      -0.31162E-02         0.27874E-01
    12.642      0.63748E-01       0.26113E-01      -0.22099E-02         0.26113E-01
    13.111      0.64299E-01       0.24479E-01      -0.16594E-02         0.24479E-01
    13.579      0.64537E-01       0.23023E-01      -0.14233E-02         0.23023E-01
    14.047      0.64507E-01       0.21835E-01      -0.14538E-02         0.21835E-01
    14.515      0.64333E-01       0.21011E-01      -0.16290E-02         0.21011E-01
    14.984      0.64203E-01       0.20565E-01      -0.17597E-02         0.20565E-01
    15.452      0.64287E-01       0.20390E-01      -0.16771E-02         0.20390E-01
    15.920      0.64649E-01       0.20314E-01      -0.13163E-02         0.20314E-01
    16.388      0.65250E-01       0.20193E-01      -0.71600E-03         0.20193E-01
    16.856      0.66019E-01       0.19954E-01       0.52305E-04         0.19954E-01
    17.325      0.66908E-01       0.19563E-01       0.94038E-03         0.19563E-01
    17.793      0.67881E-01       0.18969E-01       0.19115E-02         0.18969E-01
    18.261      0.68859E-01       0.18107E-01       0.28890E-02         0.18107E-01
    18.729      0.69711E-01       0.16955E-01       0.37399E-02         0.16955E-01
    19.198      0.70298E-01       0.15582E-01       0.43261E-02         0.15582E-01
    19.666      0.70548E-01       0.14121E-01       0.45746E-02         0.14121E-01
    20.134      0.70472E-01       0.12705E-01       0.44981E-02         0.12705E-01
    20.602      0.70130E-01       0.11422E-01       0.41552E-02         0.11422E-01
    21.071      0.69576E-01       0.10315E-01       0.36001E-02         0.10315E-01
    21.539      0.68852E-01       0.94276E-02       0.28747E-02         0.94276E-02
    22.007      0.68018E-01       0.88143E-02       0.20402E-02         0.88144E-02
    22.475      0.67181E-01       0.85098E-02       0.12015E-02         0.85098E-02
    22.943      0.66464E-01       0.84857E-02       0.48381E-03         0.84858E-02
    23.412      0.65960E-01       0.86471E-02      -0.21183E-04         0.86471E-02
    23.880      0.65691E-01       0.88749E-02      -0.29134E-03         0.88749E-02
    24.348      0.65622E-01       0.90774E-02      -0.36174E-03         0.90774E-02
    24.816      0.65702E-01       0.92062E-02      -0.28217E-03         0.92063E-02
    25.285      0.65896E-01       0.92326E-02      -0.89136E-04         0.92326E-02
    25.753      0.66169E-01       0.91195E-02       0.18233E-03         0.91195E-02
    26.221      0.66456E-01       0.88281E-02       0.46860E-03         0.88282E-02
    26.689      0.66662E-01       0.83555E-02       0.67330E-03         0.83556E-02
    27.158      0.66694E-01       0.77605E-02       0.70419E-03         0.77605E-02
    27.626      0.66511E-01       0.71459E-02       0.52008E-03         0.71460E-02
    28.094      0.66136E-01       0.66097E-02       0.14407E-03         0.66097E-02
    28.562      0.65626E-01       0.62080E-02      -0.36687E-03         0.62080E-02
    29.031      0.65031E-01       0.59616E-02      -0.96220E-03         0.59616E-02
    29.499      0.64388E-01       0.58873E-02      -0.16065E-02         0.58874E-02
    29.967      0.63741E-01       0.60119E-02      -0.22544E-02         0.60120E-02
    30.435      0.63166E-01       0.63488E-02      -0.28307E-02         0.63488E-02
    30.903      0.62752E-01       0.68649E-02      -0.32458E-02         0.68649E-02
    31.372      0.62561E-01       0.74768E-02      -0.34377E-02         0.74768E-02
    31.840      0.62598E-01       0.80841E-02      -0.34013E-02         0.80842E-02
    32.308      0.62823E-01       0.86115E-02      -0.31780E-02         0.86115E-02
    32.776      0.63180E-01       0.90217E-02      -0.28213E-02         0.90218E-02
    33.245      0.63630E-01       0.92976E-02      -0.23731E-02         0.92976E-02
    33.713      0.64133E-01       0.94203E-02      -0.18711E-02         0.94203E-02
    34.181      0.64636E-01       0.93726E-02      -0.13687E-02         0.93726E-02
    34.649      0.65068E-01       0.91626E-02      -0.93741E-03         0.91627E-02
    35.118      0.65364E-01       0.88401E-02      -0.64295E-03         0.88401E-02
    35.586      0.65494E-01       0.84848E-02      -0.51422E-03         0.84848E-02
    36.054      0.65476E-01       0.81738E-02      -0.53307E-03         0.81738E-02
    36.522      0.65357E-01       0.79546E-02      -0.65319E-03         0.79547E-02
    36.991      0.65183E-01       0.78458E-02      -0.82762E-03         0.78458E-02
    37.459      0.64993E-01       0.78544E-02      -0.10189E-02         0.78544E-02
    37.927      0.64825E-01       0.79874E-02      -0.11880E-02         0.79874E-02
    38.395      0.64731E-01       0.82413E-02      -0.12831E-02         0.82414E-02
    38.863      0.64768E-01       0.85835E-02      -0.12469E-02         0.85835E-02
    39.332      0.64973E-01       0.89486E-02      -0.10433E-02         0.89486E-02
    39.800      0.65340E-01       0.92608E-02      -0.67680E-03         0.92608E-02
    40.268      0.65831E-01       0.94629E-02      -0.18696E-03         0.94629E-02
    40.736      0.66395E-01       0.95276E-02       0.37572E-03         0.95276E-02
    41.205      0.66988E-01       0.94462E-02       0.96766E-03         0.94463E-02
    41.673      0.67570E-01       0.92140E-02       0.15493E-02         0.92140E-02
    42.141      0.68095E-01       0.88317E-02       0.20731E-02         0.88318E-02
    42.609      0.68507E-01       0.83217E-02       0.24836E-02         0.83218E-02
    43.078      0.68761E-01       0.77364E-02       0.27365E-02         0.77365E-02
    43.546      0.68846E-01       0.71457E-02       0.28205E-02         0.71458E-02
    44.014      0.68786E-01       0.66112E-02       0.27593E-02         0.66113E-02
    44.482      0.68622E-01       0.61693E-02       0.25951E-02         0.61694E-02
    44.951      0.68397E-01       0.58352E-02       0.23687E-02         0.58352E-02
    45.419      0.68145E-01       0.56156E-02       0.21156E-02         0.56157E-02
    45.887      0.67905E-01       0.55136E-02       0.18744E-02         0.55137E-02
    46.355      0.67723E-01       0.55188E-02       0.16915E-02         0.55188E-02
    46.823      0.67643E-01       0.55953E-02       0.16109E-02         0.55954E-02
    47.292      0.67687E-01       0.56857E-02       0.16537E-02         0.56858E-02
    47.760      0.67842E-01       0.57302E-02       0.18075E-02         0.57303E-02
    48.228      0.68070E-01       0.56881E-02       0.20345E-02         0.56882E-02
    48.696      0.68328E-01       0.55440E-02       0.22911E-02         0.55440E-02
    49.165      0.68579E-01       0.52974E-02       0.25413E-02         0.52974E-02
    49.633      0.68792E-01       0.49513E-02       0.27537E-02         0.49513E-02
    50.101      0.68931E-01       0.45135E-02       0.28920E-02         0.45136E-02
    50.569      0.68956E-01       0.40093E-02       0.29151E-02         0.40093E-02
    51.038      0.68835E-01       0.34884E-02       0.27937E-02         0.34884E-02
    51.506      0.68571E-01       0.30134E-02       0.25282E-02         0.30135E-02
    51.974      0.68195E-01       0.26362E-02       0.21512E-02         0.26363E-02
    52.442      0.67754E-01       0.23826E-02       0.17098E-02         0.23826E-02
    52.910      0.67292E-01       0.22557E-02       0.12468E-02         0.22558E-02
    53.379      0.66842E-01       0.22512E-02       0.79525E-03         0.22513E-02
    53.847      0.66435E-01       0.23636E-02       0.38731E-03         0.23637E-02
    54.315      0.66110E-01       0.25779E-02       0.61350E-04         0.25779E-02
    54.783      0.65903E-01       0.28580E-02      -0.14693E-03         0.28580E-02
    55.252      0.65828E-01       0.31493E-02      -0.22266E-03         0.31494E-02
    55.720      0.65870E-01       0.33972E-02      -0.18163E-03         0.33973E-02
    56.188      0.65991E-01       0.35659E-02      -0.62099E-04         0.35660E-02
    56.656      0.66147E-01       0.36445E-02       0.93679E-04         0.36445E-02
    57.125      0.66307E-01       0.36366E-02       0.25194E-03         0.36366E-02
    57.593      0.66442E-01       0.35500E-02       0.38571E-03         0.35500E-02
    58.061      0.66524E-01       0.33963E-02       0.46704E-03         0.33963E-02
    58.529      0.66525E-01       0.31996E-02       0.46710E-03         0.31997E-02
    58.998      0.66427E-01       0.30011E-02       0.36780E-03         0.30012E-02
    59.466      0.66235E-01       0.28500E-02       0.17457E-03         0.28501E-02
    59.934      0.65979E-01       0.27859E-02      -0.81996E-04         0.27860E-02
    60.402      0.65703E-01       0.28267E-02      -0.35857E-03         0.28268E-02
    60.870      0.65448E-01       0.29694E-02      -0.61506E-03         0.29694E-02
    61.339      0.65243E-01       0.32009E-02      -0.82104E-03         0.32010E-02
    61.807      0.65114E-01       0.35055E-02      -0.95096E-03         0.35056E-02
    62.275      0.65087E-01       0.38606E-02      -0.97934E-03         0.38606E-02
    62.743      0.65181E-01       0.42298E-02      -0.88593E-03         0.42298E-02
    63.212      0.65400E-01       0.45653E-02      -0.66796E-03         0.45654E-02
    63.680      0.65722E-01       0.48215E-02      -0.34735E-03         0.48216E-02
    64.148      0.66106E-01       0.49704E-02       0.36106E-04         0.49705E-02
    64.616      0.66511E-01       0.50059E-02       0.44022E-03         0.50060E-02
    65.085      0.66903E-01       0.49353E-02       0.83077E-03         0.49354E-02
    65.553      0.67253E-01       0.47710E-02       0.11801E-02         0.47711E-02
    66.021      0.67536E-01       0.45303E-02       0.14619E-02         0.45303E-02
    66.489      0.67728E-01       0.42415E-02       0.16528E-02         0.42416E-02
    66.958      0.67819E-01       0.39456E-02       0.17422E-02         0.39457E-02
    67.426      0.67819E-01       0.36856E-02       0.17414E-02         0.36857E-02
    67.894      0.67759E-01       0.34923E-02       0.16809E-02         0.34923E-02
    68.362      0.67678E-01       0.33764E-02       0.15984E-02         0.33765E-02
    68.830      0.67607E-01       0.33328E-02       0.15261E-02         0.33329E-02
    69.299      0.67570E-01       0.33495E-02       0.14886E-02         0.33496E-02
    69.767      0.67589E-01       0.34107E-02       0.15068E-02         0.34108E-02
    70.235      0.67683E-01       0.34936E-02       0.15994E-02         0.34936E-02
    70.703      0.67862E-01       0.35642E-02       0.17776E-02         0.35643E-02
    71.172      0.68120E-01       0.35825E-02       0.20348E-02         0.35826E-02
    71.640      0.68430E-01       0.35145E-02       0.23438E-02         0.35146E-02
    72.108      0.68753E-01       0.33448E-02       0.26651E-02         0.33449E-02
    72.576      0.69049E-01       0.30776E-02       0.29604E-02         0.30777E-02
    73.045      0.69291E-01       0.27281E-02       0.32012E-02         0.27282E-02
    73.513      0.69457E-01       0.23150E-02       0.33666E-02         0.23151E-02
    73.981      0.69530E-01       0.18598E-02       0.34382E-02         0.18599E-02
    74.449      0.69494E-01       0.13928E-02       0.34009E-02         0.13929E-02
    74.918      0.69346E-01       0.95436E-03       0.32522E-02         0.95445E-03
    75.386      0.69105E-01       0.58490E-03       0.30104E-02         0.58499E-03
    75.854      0.68807E-01       0.31055E-03       0.27115E-02         0.31064E-03
    76.322      0.68492E-01       0.13636E-03       0.23957E-02         0.13646E-03
    76.790      0.68193E-01       0.51898E-04       0.20951E-02         0.51992E-04
    77.259      0.67931E-01       0.41374E-04       0.18318E-02         0.41469E-04
    77.727      0.67723E-01       0.87949E-04       0.16232E-02         0.88044E-04
    78.195      0.67586E-01       0.16970E-03       0.14850E-02         0.16979E-03
    78.663      0.67528E-01       0.25537E-03       0.14258E-02         0.25547E-03
    79.132      0.67541E-01       0.30904E-03       0.14379E-02         0.30913E-03
    79.600      0.67599E-01       0.30249E-03       0.14950E-02         0.30259E-03
    80.068      0.67666E-01       0.22539E-03       0.15614E-02         0.22548E-03
    80.536      0.67710E-01       0.85396E-04       0.16045E-02         0.85494E-04
    81.005      0.67709E-01      -0.99802E-04       0.16019E-02        -0.99702E-04
    81.473      0.67648E-01      -0.31025E-03       0.15401E-02        -0.31015E-03
    81.941      0.67519E-01      -0.52476E-03       0.14100E-02        -0.52466E-03
    82.409      0.67317E-01      -0.71708E-03       0.12064E-02        -0.71698E-03
    82.877      0.67047E-01      -0.85563E-03       0.93560E-03        -0.85553E-03
    83.346      0.66732E-01      -0.91107E-03       0.61961E-03        -0.91097E-03
    83.814      0.66407E-01      -0.86725E-03       0.29400E-03        -0.86715E-03
    84.282      0.66111E-01      -0.72675E-03      -0.29783E-05        -0.72665E-03
    84.750      0.65874E-01      -0.50690E-03      -0.24111E-03        -0.50679E-03
    85.219      0.65715E-01      -0.23091E-03      -0.40136E-03        -0.23080E-03
    85.687      0.65645E-01       0.77284E-04      -0.47197E-03         0.77390E-04
    86.155      0.65673E-01       0.39119E-03      -0.44544E-03         0.39129E-03
    86.623      0.65797E-01       0.67918E-03      -0.32211E-03         0.67929E-03
    87.092      0.66004E-01       0.90862E-03      -0.11641E-03         0.90873E-03
    87.560      0.66264E-01       0.10557E-02       0.14252E-03         0.10559E-02
    88.028      0.66541E-01       0.11136E-02       0.41885E-03         0.11137E-02
    88.496      0.66804E-01       0.10910E-02       0.68106E-03         0.10912E-02
    88.965      0.67032E-01       0.10056E-02       0.90765E-03         0.10057E-02
    89.433      0.67211E-01       0.87636E-03       0.10851E-02         0.87647E-03
    89.901      0.67331E-01       0.72458E-03       0.12045E-02         0.72469E-03
    90.369      0.67391E-01       0.57559E-03       0.12630E-02         0.57570E-03
    90.837      0.67398E-01       0.45695E-03       0.12694E-02         0.45707E-03
    91.306      0.67376E-01       0.39052E-03       0.12461E-02         0.39064E-03
    91.774      0.67355E-01       0.38423E-03       0.12239E-02         0.38435E-03
    92.242      0.67364E-01       0.43011E-03       0.12324E-02         0.43023E-03
    92.710      0.67425E-01       0.50974E-03       0.12920E-02         0.50986E-03
    93.179      0.67547E-01       0.60155E-03       0.14136E-02         0.60166E-03
    93.647      0.67737E-01       0.68347E-03       0.16022E-02         0.68359E-03
    94.115      0.67993E-01       0.73128E-03       0.18572E-02         0.73140E-03
    94.583      0.68306E-01       0.71822E-03       0.21697E-02         0.71834E-03
    95.052      0.68655E-01       0.62015E-03       0.25176E-02         0.62027E-03
    95.520      0.69006E-01       0.42427E-03       0.28676E-02         0.42439E-03
    95.988      0.69324E-01       0.13475E-03       0.31839E-02         0.13487E-03
    96.456      0.69579E-01      -0.23005E-03       0.34383E-02        -0.22993E-03
    96.925      0.69756E-01      -0.64590E-03       0.36139E-02        -0.64578E-03
    97.393      0.69845E-01      -0.10887E-02       0.37025E-02        -0.10886E-02
    97.861      0.69844E-01      -0.15340E-02       0.37003E-02        -0.15339E-02
    98.329      0.69754E-01      -0.19544E-02       0.36093E-02        -0.19543E-02
    98.797      0.69589E-01      -0.23214E-02       0.34431E-02        -0.23213E-02
    99.266      0.69375E-01      -0.26136E-02       0.32283E-02        -0.26134E-02
    99.734      0.69147E-01      -0.28250E-02       0.29988E-02        -0.28249E-02
    100.20      0.68934E-01      -0.29660E-02       0.27844E-02        -0.29659E-02
    100.67      0.68754E-01      -0.30557E-02       0.26039E-02        -0.30556E-02
    101.14      0.68617E-01      -0.31139E-02       0.24659E-02        -0.31138E-02
    101.61      0.68526E-01      -0.31591E-02       0.23741E-02        -0.31590E-02
    102.08      0.68481E-01      -0.32110E-02       0.23280E-02        -0.32108E-02
    102.54      0.68474E-01      -0.32908E-02       0.23197E-02        -0.32907E-02
    103.01      0.68485E-01      -0.34169E-02       0.23300E-02        -0.34168E-02
    103.48      0.68487E-01      -0.35958E-02       0.23310E-02        -0.35957E-02
    103.95      0.68452E-01      -0.38185E-02       0.22944E-02        -0.38184E-02
    104.42      0.68359E-01      -0.40643E-02       0.22011E-02        -0.40642E-02
    104.88      0.68203E-01      -0.43086E-02       0.20440E-02        -0.43085E-02
    105.35      0.67985E-01      -0.45285E-02       0.18245E-02        -0.45284E-02
    105.82      0.67711E-01      -0.47034E-02       0.15493E-02        -0.47033E-02
    106.29      0.67393E-01      -0.48131E-02       0.12302E-02        -0.48130E-02
    106.76      0.67051E-01      -0.48393E-02       0.88758E-03        -0.48392E-02
    107.23      0.66716E-01      -0.47717E-02       0.55150E-03        -0.47716E-02
    107.69      0.66421E-01      -0.46147E-02       0.25569E-03        -0.46146E-02
    108.16      0.66195E-01      -0.43873E-02       0.28285E-04        -0.43871E-02
    108.63      0.66053E-01      -0.41160E-02      -0.11441E-03        -0.41159E-02
    109.10      0.66001E-01      -0.38281E-02      -0.16720E-03        -0.38280E-02
    109.57      0.66038E-01      -0.35479E-02      -0.13172E-03        -0.35478E-02
    110.04      0.66156E-01      -0.32990E-02      -0.14434E-04        -0.32988E-02
    110.50      0.66342E-01      -0.31042E-02       0.17080E-03        -0.31040E-02
    110.97      0.66573E-01      -0.29810E-02       0.40034E-03        -0.29808E-02
    111.44      0.66818E-01      -0.29346E-02       0.64433E-03        -0.29345E-02
    111.91      0.67050E-01      -0.29563E-02       0.87519E-03        -0.29562E-02
    112.38      0.67250E-01      -0.30279E-02       0.10747E-02        -0.30277E-02
    112.84      0.67412E-01      -0.31290E-02       0.12349E-02        -0.31288E-02
    113.31      0.67533E-01      -0.32410E-02       0.13551E-02        -0.32409E-02
    113.78      0.67618E-01      -0.33470E-02       0.14390E-02        -0.33469E-02
    114.25      0.67676E-01      -0.34304E-02       0.14962E-02        -0.34303E-02
    114.72      0.67725E-01      -0.34787E-02       0.15442E-02        -0.34785E-02
    115.19      0.67789E-01      -0.34888E-02       0.16070E-02        -0.34887E-02
    115.65      0.67891E-01      -0.34711E-02       0.17076E-02        -0.34710E-02
    116.12      0.68045E-01      -0.34458E-02       0.18612E-02        -0.34456E-02
    116.59      0.68257E-01      -0.34366E-02       0.20718E-02        -0.34364E-02
    117.06      0.68520E-01      -0.34653E-02       0.23342E-02        -0.34652E-02
    117.53      0.68825E-01      -0.35502E-02       0.26381E-02        -0.35500E-02
    118.00      0.69156E-01      -0.37074E-02       0.29681E-02        -0.37072E-02
    118.46      0.69492E-01      -0.39498E-02       0.33025E-02        -0.39496E-02
    118.93      0.69802E-01      -0.42820E-02       0.36121E-02        -0.42818E-02
    119.40      0.70057E-01      -0.46953E-02       0.38659E-02        -0.46951E-02
    119.87      0.70231E-01      -0.51680E-02       0.40393E-02        -0.51678E-02
    120.34      0.70313E-01      -0.56716E-02       0.41193E-02        -0.56714E-02
    120.80      0.70299E-01      -0.61782E-02       0.41049E-02        -0.61781E-02
    121.27      0.70196E-01      -0.66640E-02       0.40011E-02        -0.66638E-02
    121.74      0.70014E-01      -0.71070E-02       0.38177E-02        -0.71068E-02
    122.21      0.69768E-01      -0.74866E-02       0.35702E-02        -0.74865E-02
    122.68      0.69481E-01      -0.77878E-02       0.32831E-02        -0.77876E-02
    123.15      0.69185E-01      -0.80068E-02       0.29860E-02        -0.80066E-02
    123.61      0.68907E-01      -0.81538E-02       0.27063E-02        -0.81537E-02
    124.08      0.68663E-01      -0.82484E-02       0.24614E-02        -0.82482E-02
    124.55      0.68460E-01      -0.83111E-02       0.22573E-02        -0.83109E-02
    125.02      0.68296E-01      -0.83592E-02       0.20929E-02        -0.83590E-02
    125.49      0.68168E-01      -0.84069E-02       0.19638E-02        -0.84067E-02
    125.96      0.68068E-01      -0.84671E-02       0.18620E-02        -0.84670E-02
    126.42      0.67980E-01      -0.85504E-02       0.17736E-02        -0.85502E-02
    126.89      0.67887E-01      -0.86591E-02       0.16789E-02        -0.86589E-02
    127.36      0.67767E-01      -0.87843E-02       0.15585E-02        -0.87842E-02
    127.83      0.67610E-01      -0.89071E-02       0.14004E-02        -0.89070E-02
    128.30      0.67415E-01      -0.90052E-02       0.12042E-02        -0.90051E-02
    128.76      0.67191E-01      -0.90598E-02       0.97971E-03        -0.90597E-02
    129.23      0.66954E-01      -0.90582E-02       0.74153E-03        -0.90581E-02
    129.70      0.66721E-01      -0.89921E-02       0.50678E-03        -0.89920E-02
    130.17      0.66511E-01      -0.88570E-02       0.29586E-03        -0.88568E-02
    130.64      0.66349E-01      -0.86548E-02       0.13335E-03        -0.86546E-02
    131.11      0.66262E-01      -0.83985E-02       0.45002E-04        -0.83983E-02
    131.57      0.66269E-01      -0.81126E-02       0.50684E-04        -0.81125E-02
    132.04      0.66377E-01      -0.78287E-02       0.15811E-03        -0.78285E-02
    132.51      0.66582E-01      -0.75769E-02       0.36237E-03        -0.75767E-02
    132.98      0.66871E-01      -0.73820E-02       0.65032E-03        -0.73819E-02
    133.45      0.67226E-01      -0.72635E-02       0.10043E-02        -0.72633E-02
    133.92      0.67626E-01      -0.72365E-02       0.14024E-02        -0.72364E-02
    134.38      0.68042E-01      -0.73104E-02       0.18176E-02        -0.73102E-02
    134.85      0.68445E-01      -0.74841E-02       0.22193E-02        -0.74840E-02
    135.32      0.68806E-01      -0.77447E-02       0.25798E-02        -0.77446E-02
    135.79      0.69107E-01      -0.80704E-02       0.28802E-02        -0.80702E-02
    136.26      0.69341E-01      -0.84370E-02       0.31124E-02        -0.84368E-02
    136.72      0.69506E-01      -0.88232E-02       0.32769E-02        -0.88230E-02
    137.19      0.69609E-01      -0.92108E-02       0.33786E-02        -0.92106E-02
    137.66      0.69658E-01      -0.95846E-02       0.34266E-02        -0.95844E-02
    138.13      0.69667E-01      -0.99330E-02       0.34346E-02        -0.99329E-02
    138.60      0.69654E-01      -0.10252E-01       0.34202E-02        -0.10251E-01
    139.07      0.69635E-01      -0.10545E-01       0.34004E-02        -0.10545E-01
    139.53      0.69621E-01      -0.10826E-01       0.33856E-02        -0.10826E-01
    140.00      0.69613E-01      -0.11110E-01       0.33769E-02        -0.11110E-01
    140.47      0.69605E-01      -0.11408E-01       0.33674E-02        -0.11407E-01
    140.94      0.69585E-01      -0.11725E-01       0.33467E-02        -0.11725E-01
    141.41      0.69543E-01      -0.12065E-01       0.33031E-02        -0.12065E-01
    141.88      0.69464E-01      -0.12425E-01       0.32237E-02        -0.12425E-01
    142.34      0.69335E-01      -0.12798E-01       0.30936E-02        -0.12797E-01
    142.81      0.69141E-01      -0.13168E-01       0.28987E-02        -0.13168E-01
    143.28      0.68876E-01      -0.13511E-01       0.26327E-02        -0.13510E-01
    143.75      0.68546E-01      -0.13799E-01       0.23011E-02        -0.13799E-01
    144.22      0.68167E-01      -0.14010E-01       0.19209E-02        -0.14009E-01
    144.68      0.67762E-01      -0.14128E-01       0.15153E-02        -0.14128E-01
    145.15      0.67358E-01      -0.14147E-01       0.11097E-02        -0.14147E-01
    145.62      0.66980E-01      -0.14065E-01       0.73099E-03        -0.14064E-01
    146.09      0.66659E-01      -0.13885E-01       0.40910E-03        -0.13885E-01
    146.56      0.66425E-01      -0.13625E-01       0.17441E-03        -0.13625E-01
    147.03      0.66303E-01      -0.13313E-01       0.51136E-04        -0.13313E-01
    147.49      0.66304E-01      -0.12984E-01       0.50861E-04        -0.12984E-01
    147.96      0.66425E-01      -0.12676E-01       0.17122E-03        -0.12676E-01
    148.43      0.66654E-01      -0.12419E-01       0.39941E-03        -0.12419E-01
    148.90      0.66973E-01      -0.12238E-01       0.71672E-03        -0.12237E-01
    149.37      0.67358E-01      -0.12150E-01       0.11005E-02        -0.12150E-01
    149.84      0.67781E-01      -0.12172E-01       0.15232E-02        -0.12172E-01
    150.30      0.68212E-01      -0.12307E-01       0.19525E-02        -0.12306E-01
    150.77      0.68616E-01      -0.12548E-01       0.23560E-02        -0.12548E-01
    151.24      0.68969E-01      -0.12877E-01       0.27076E-02        -0.12877E-01
    151.71      0.69254E-01      -0.13271E-01       0.29922E-02        -0.13271E-01
    152.18      0.69468E-01      -0.13707E-01       0.32046E-02        -0.13707E-01
    152.64      0.69610E-01      -0.14166E-01       0.33453E-02        -0.14165E-01
    153.11      0.69682E-01      -0.14632E-01       0.34166E-02        -0.14632E-01
    153.58      0.69690E-01      -0.15091E-01       0.34236E-02        -0.15091E-01
    154.05      0.69644E-01      -0.15530E-01       0.33763E-02        -0.15530E-01
    154.52      0.69556E-01      -0.15943E-01       0.32874E-02        -0.15943E-01
    154.99      0.69437E-01      -0.16331E-01       0.31677E-02        -0.16331E-01
    155.45      0.69292E-01      -0.16699E-01       0.30210E-02        -0.16699E-01
    155.92      0.69117E-01      -0.17047E-01       0.28454E-02        -0.17047E-01
    156.39      0.68910E-01      -0.17373E-01       0.26373E-02        -0.17372E-01
    156.86      0.68670E-01      -0.17667E-01       0.23962E-02        -0.17666E-01
    157.33      0.68400E-01      -0.17920E-01       0.21249E-02        -0.17920E-01
    157.79      0.68103E-01      -0.18125E-01       0.18275E-02        -0.18125E-01
    158.26      0.67787E-01      -0.18270E-01       0.15103E-02        -0.18270E-01
    158.73      0.67463E-01      -0.18342E-01       0.11854E-02        -0.18342E-01
    159.20      0.67152E-01      -0.18330E-01       0.87342E-03        -0.18330E-01
    159.67      0.66882E-01      -0.18232E-01       0.60216E-03        -0.18232E-01
    160.14      0.66683E-01      -0.18056E-01       0.40195E-03        -0.18056E-01
    160.60      0.66581E-01      -0.17823E-01       0.29924E-03        -0.17823E-01
    161.07      0.66596E-01      -0.17562E-01       0.31315E-03        -0.17561E-01
    161.54      0.66739E-01      -0.17307E-01       0.45482E-03        -0.17306E-01
    162.01      0.67011E-01      -0.17097E-01       0.72601E-03        -0.17097E-01
    162.48      0.67402E-01      -0.16976E-01       0.11156E-02        -0.16975E-01
    162.95      0.67883E-01      -0.16983E-01       0.15961E-02        -0.16983E-01
    163.41      0.68412E-01      -0.17150E-01       0.21241E-02        -0.17150E-01
    163.88      0.68935E-01      -0.17491E-01       0.26454E-02        -0.17491E-01
    164.35      0.69393E-01      -0.17999E-01       0.31026E-02        -0.17999E-01
    164.82      0.69734E-01      -0.18651E-01       0.34429E-02        -0.18650E-01
    165.29      0.69914E-01      -0.19405E-01       0.36213E-02        -0.19405E-01
    165.75      0.69899E-01      -0.20206E-01       0.36057E-02        -0.20206E-01
    166.22      0.69677E-01      -0.20987E-01       0.33830E-02        -0.20986E-01
    166.69      0.69261E-01      -0.21673E-01       0.29656E-02        -0.21672E-01
    167.16      0.68691E-01      -0.22197E-01       0.23946E-02        -0.22197E-01
    167.63      0.68033E-01      -0.22511E-01       0.17354E-02        -0.22511E-01
    168.10      0.67366E-01      -0.22592E-01       0.10674E-02        -0.22592E-01
    168.56      0.66774E-01      -0.22448E-01       0.47405E-03        -0.22448E-01
    169.03      0.66336E-01      -0.22113E-01       0.35035E-04        -0.22113E-01
    169.50      0.66119E-01      -0.21650E-01      -0.18230E-03        -0.21650E-01
    169.97      0.66167E-01      -0.21150E-01      -0.13524E-03        -0.21150E-01
    170.44      0.66484E-01      -0.20722E-01       0.18072E-03        -0.20721E-01
    170.91      0.67028E-01      -0.20471E-01       0.72313E-03        -0.20471E-01
    171.37      0.67711E-01      -0.20480E-01       0.14052E-02        -0.20480E-01
    171.84      0.68417E-01      -0.20791E-01       0.21106E-02        -0.20791E-01
    172.31      0.69021E-01      -0.21394E-01       0.27133E-02        -0.21394E-01
    172.78      0.69405E-01      -0.22227E-01       0.30964E-02        -0.22227E-01
    173.25      0.69483E-01      -0.23180E-01       0.31727E-02        -0.23179E-01
    173.71      0.69219E-01      -0.24104E-01       0.29083E-02        -0.24104E-01
    174.18      0.68655E-01      -0.24842E-01       0.23431E-02        -0.24841E-01
    174.65      0.67910E-01      -0.25260E-01       0.15972E-02        -0.25260E-01
    175.12      0.67165E-01      -0.25303E-01       0.85133E-03        -0.25303E-01
    175.59      0.66617E-01      -0.25017E-01       0.30149E-03        -0.25016E-01
    176.06      0.66413E-01      -0.24550E-01       0.97303E-04        -0.24550E-01
    176.52      0.66603E-01      -0.24121E-01       0.28576E-03        -0.24120E-01
    176.99      0.67098E-01      -0.23946E-01       0.78012E-03        -0.23946E-01
    177.46      0.67693E-01      -0.24160E-01       0.13733E-02        -0.24160E-01
    177.93      0.68126E-01      -0.24744E-01       0.18056E-02        -0.24743E-01
    178.40      0.68197E-01      -0.25506E-01       0.18752E-02        -0.25506E-01
    178.87      0.67876E-01      -0.26154E-01       0.15532E-02        -0.26154E-01
    179.33      0.67358E-01      -0.26436E-01       0.10350E-02        -0.26436E-01
    179.80      0.66985E-01      -0.26316E-01       0.66017E-03        -0.26316E-01
    180.27      0.67029E-01      -0.26038E-01       0.70343E-03        -0.26038E-01
    180.74      0.67479E-01      -0.25997E-01       0.11520E-02        -0.25997E-01
    181.21      0.67993E-01      -0.26439E-01       0.16656E-02        -0.26439E-01
    181.67      0.68162E-01      -0.27224E-01       0.18329E-02        -0.27224E-01
    182.14      0.67876E-01      -0.27934E-01       0.15467E-02        -0.27934E-01
    182.61      0.67425E-01      -0.28282E-01       0.10944E-02        -0.28282E-01
    183.08      0.67149E-01      -0.28374E-01       0.81695E-03        -0.28373E-01
    183.55      0.67080E-01      -0.28499E-01       0.74704E-03        -0.28499E-01
    184.02      0.67014E-01      -0.28751E-01       0.67973E-03        -0.28751E-01
    184.48      0.66847E-01      -0.28989E-01       0.51252E-03        -0.28989E-01
    184.95      0.66685E-01      -0.29108E-01       0.34957E-03        -0.29108E-01
    185.42      0.66641E-01      -0.29173E-01       0.30368E-03        -0.29173E-01
    185.89      0.66700E-01      -0.29289E-01       0.36229E-03        -0.29289E-01
    186.36      0.66803E-01      -0.29485E-01       0.46357E-03        -0.29485E-01
    186.83      0.66919E-01      -0.29757E-01       0.57899E-03        -0.29757E-01
    187.29      0.67029E-01      -0.30116E-01       0.68753E-03        -0.30116E-01
    187.76      0.67085E-01      -0.30566E-01       0.74334E-03        -0.30566E-01
    188.23      0.67042E-01      -0.31076E-01       0.69930E-03        -0.31076E-01
    188.70      0.66879E-01      -0.31592E-01       0.53511E-03        -0.31592E-01
    189.17      0.66605E-01      -0.32061E-01       0.25982E-03        -0.32061E-01
    189.63      0.66252E-01      -0.32440E-01      -0.94592E-04        -0.32440E-01
    190.10      0.65865E-01      -0.32708E-01      -0.48245E-03        -0.32708E-01
    190.57      0.65491E-01      -0.32866E-01      -0.85743E-03        -0.32866E-01
    191.04      0.65167E-01      -0.32933E-01      -0.11819E-02        -0.32932E-01
    191.51      0.64920E-01      -0.32936E-01      -0.14300E-02        -0.32936E-01
    191.98      0.64763E-01      -0.32909E-01      -0.15880E-02        -0.32908E-01
    192.44      0.64699E-01      -0.32886E-01      -0.16531E-02        -0.32886E-01
    192.91      0.64717E-01      -0.32904E-01      -0.16361E-02        -0.32904E-01
    193.38      0.64791E-01      -0.32992E-01      -0.15641E-02        -0.32992E-01
    193.85      0.64879E-01      -0.33163E-01      -0.14766E-02        -0.33162E-01
    194.32      0.64944E-01      -0.33406E-01      -0.14124E-02        -0.33406E-01
    194.79      0.64960E-01      -0.33697E-01      -0.13974E-02        -0.33697E-01
    195.25      0.64918E-01      -0.34006E-01      -0.14411E-02        -0.34006E-01
    195.72      0.64818E-01      -0.34304E-01      -0.15415E-02        -0.34304E-01
    196.19      0.64673E-01      -0.34565E-01      -0.16879E-02        -0.34564E-01
    196.66      0.64508E-01      -0.34763E-01      -0.18543E-02        -0.34763E-01
    197.13      0.64367E-01      -0.34894E-01      -0.19958E-02        -0.34894E-01
    197.59      0.64295E-01      -0.34987E-01      -0.20693E-02        -0.34986E-01
    198.06      0.64298E-01      -0.35097E-01      -0.20671E-02        -0.35097E-01
    198.53      0.64342E-01      -0.35266E-01      -0.20241E-02        -0.35266E-01
    199.00      0.64381E-01      -0.35493E-01      -0.19860E-02        -0.35493E-01
    199.47      0.64392E-01      -0.35753E-01      -0.19766E-02        -0.35752E-01
    199.94      0.64373E-01      -0.36022E-01      -0.19960E-02        -0.36021E-01
    200.40      0.64334E-01      -0.36288E-01      -0.20363E-02        -0.36287E-01
    200.87      0.64282E-01      -0.36543E-01      -0.20891E-02        -0.36543E-01
    201.34      0.64229E-01      -0.36786E-01      -0.21438E-02        -0.36786E-01
    201.81      0.64183E-01      -0.37022E-01      -0.21905E-02        -0.37022E-01
    202.28      0.64149E-01      -0.37258E-01      -0.22258E-02        -0.37258E-01
    202.75      0.64123E-01      -0.37503E-01      -0.22520E-02        -0.37503E-01
    203.21      0.64103E-01      -0.37762E-01      -0.22737E-02        -0.37762E-01
    203.68      0.64081E-01      -0.38035E-01      -0.22966E-02        -0.38035E-01
    204.15      0.64051E-01      -0.38324E-01      -0.23275E-02        -0.38324E-01
    204.62      0.64007E-01      -0.38624E-01      -0.23722E-02        -0.38624E-01
    205.09      0.63946E-01      -0.38929E-01      -0.24346E-02        -0.38928E-01
    205.55      0.63867E-01      -0.39230E-01      -0.25149E-02        -0.39230E-01
    206.02      0.63773E-01      -0.39522E-01      -0.26097E-02        -0.39522E-01
    206.49      0.63671E-01      -0.39800E-01      -0.27130E-02        -0.39800E-01
    206.96      0.63567E-01      -0.40063E-01      -0.28179E-02        -0.40062E-01
    207.43      0.63468E-01      -0.40311E-01      -0.29183E-02        -0.40310E-01
    207.90      0.63378E-01      -0.40547E-01      -0.30086E-02        -0.40547E-01
    208.36      0.63303E-01      -0.40777E-01      -0.30845E-02        -0.40777E-01
    208.83      0.63246E-01      -0.41007E-01      -0.31432E-02        -0.41007E-01
    209.30      0.63205E-01      -0.41245E-01      -0.31852E-02        -0.41245E-01
    209.77      0.63177E-01      -0.41498E-01      -0.32144E-02        -0.41497E-01
    210.24      0.63155E-01      -0.41769E-01      -0.32374E-02        -0.41769E-01
    210.71      0.63132E-01      -0.42060E-01      -0.32610E-02        -0.42060E-01
    211.17      0.63103E-01      -0.42370E-01      -0.32915E-02        -0.42370E-01
    211.64      0.63060E-01      -0.42697E-01      -0.33353E-02        -0.42697E-01
    212.11      0.62998E-01      -0.43035E-01      -0.33980E-02        -0.43035E-01
    212.58      0.62914E-01      -0.43377E-01      -0.34832E-02        -0.43377E-01
    213.05      0.62808E-01      -0.43715E-01      -0.35904E-02        -0.43714E-01
    213.51      0.62684E-01      -0.44039E-01      -0.37155E-02        -0.44039E-01
    213.98      0.62549E-01      -0.44346E-01      -0.38518E-02        -0.44345E-01
    214.45      0.62410E-01      -0.44632E-01      -0.39919E-02        -0.44632E-01
    214.92      0.62275E-01      -0.44898E-01      -0.41274E-02        -0.44898E-01
    215.39      0.62153E-01      -0.45147E-01      -0.42501E-02        -0.45147E-01
    215.86      0.62051E-01      -0.45386E-01      -0.43531E-02        -0.45385E-01
    216.32      0.61972E-01      -0.45624E-01      -0.44332E-02        -0.45624E-01
    216.79      0.61914E-01      -0.45872E-01      -0.44922E-02        -0.45872E-01
    217.26      0.61871E-01      -0.46138E-01      -0.45363E-02        -0.46137E-01
    217.73      0.61835E-01      -0.46425E-01      -0.45733E-02        -0.46424E-01
    218.20      0.61799E-01      -0.46733E-01      -0.46106E-02        -0.46733E-01
    218.67      0.61756E-01      -0.47064E-01      -0.46550E-02        -0.47064E-01
    219.13      0.61698E-01      -0.47413E-01      -0.47136E-02        -0.47413E-01
    219.60      0.61620E-01      -0.47775E-01      -0.47934E-02        -0.47775E-01
    220.07      0.61516E-01      -0.48141E-01      -0.48978E-02        -0.48141E-01
    220.54      0.61389E-01      -0.48502E-01      -0.50259E-02        -0.48502E-01
    221.01      0.61243E-01      -0.48849E-01      -0.51727E-02        -0.48848E-01
    221.47      0.61086E-01      -0.49177E-01      -0.53312E-02        -0.49177E-01
    221.94      0.60924E-01      -0.49485E-01      -0.54937E-02        -0.49484E-01
    222.41      0.60767E-01      -0.49772E-01      -0.56522E-02        -0.49772E-01
    222.88      0.60621E-01      -0.50042E-01      -0.57992E-02        -0.50042E-01
    223.35      0.60493E-01      -0.50300E-01      -0.59282E-02        -0.50300E-01
    223.82      0.60387E-01      -0.50555E-01      -0.60351E-02        -0.50555E-01
    224.28      0.60304E-01      -0.50817E-01      -0.61195E-02        -0.50817E-01
    224.75      0.60239E-01      -0.51095E-01      -0.61856E-02        -0.51094E-01
    225.22      0.60184E-01      -0.51395E-01      -0.62411E-02        -0.51394E-01
    225.69      0.60131E-01      -0.51719E-01      -0.62953E-02        -0.51719E-01
    226.16      0.60071E-01      -0.52067E-01      -0.63570E-02        -0.52067E-01
    226.63      0.59995E-01      -0.52435E-01      -0.64334E-02        -0.52434E-01
    227.09      0.59899E-01      -0.52816E-01      -0.65303E-02        -0.52816E-01
    227.56      0.59779E-01      -0.53204E-01      -0.66515E-02        -0.53203E-01
    228.03      0.59633E-01      -0.53588E-01      -0.67983E-02        -0.53588E-01
    228.50      0.59465E-01      -0.53960E-01      -0.69673E-02        -0.53960E-01
    228.97      0.59283E-01      -0.54312E-01      -0.71512E-02        -0.54312E-01
    229.43      0.59095E-01      -0.54641E-01      -0.73401E-02        -0.54641E-01
    229.90      0.58911E-01      -0.54948E-01      -0.75246E-02        -0.54948E-01
    230.37      0.58740E-01      -0.55237E-01      -0.76973E-02        -0.55237E-01
    230.84      0.58585E-01      -0.55515E-01      -0.78526E-02        -0.55514E-01
    231.31      0.58452E-01      -0.55788E-01      -0.79867E-02        -0.55787E-01
    231.78      0.58342E-01      -0.56065E-01      -0.80980E-02        -0.56065E-01
    232.24      0.58252E-01      -0.56357E-01      -0.81894E-02        -0.56357E-01
    232.71      0.58174E-01      -0.56672E-01      -0.82683E-02        -0.56672E-01
    233.18      0.58099E-01      -0.57012E-01      -0.83444E-02        -0.57012E-01
    233.65      0.58017E-01      -0.57377E-01      -0.84275E-02        -0.57377E-01
    234.12      0.57919E-01      -0.57763E-01      -0.85257E-02        -0.57762E-01
    234.59      0.57801E-01      -0.58163E-01      -0.86451E-02        -0.58163E-01
    235.05      0.57658E-01      -0.58569E-01      -0.87891E-02        -0.58569E-01
    235.52      0.57490E-01      -0.58974E-01      -0.89585E-02        -0.58973E-01
    235.99      0.57299E-01      -0.59367E-01      -0.91506E-02        -0.59366E-01
    236.46      0.57091E-01      -0.59741E-01      -0.93589E-02        -0.59741E-01
    236.93      0.56877E-01      -0.60092E-01      -0.95747E-02        -0.60092E-01
    237.39      0.56664E-01      -0.60421E-01      -0.97883E-02        -0.60420E-01
    237.86      0.56463E-01      -0.60729E-01      -0.99907E-02        -0.60729E-01
    238.33      0.56279E-01      -0.61025E-01      -0.10175E-01        -0.61025E-01
    238.80      0.56117E-01      -0.61315E-01      -0.10339E-01        -0.61315E-01
    239.27      0.55977E-01      -0.61611E-01      -0.10479E-01        -0.61610E-01
    239.74      0.55857E-01      -0.61920E-01      -0.10600E-01        -0.61919E-01
    240.20      0.55750E-01      -0.62249E-01      -0.10709E-01        -0.62249E-01
    240.67      0.55646E-01      -0.62603E-01      -0.10814E-01        -0.62603E-01
    241.14      0.55537E-01      -0.62983E-01      -0.10924E-01        -0.62982E-01
    241.61      0.55415E-01      -0.63384E-01      -0.11047E-01        -0.63384E-01
    242.08      0.55271E-01      -0.63802E-01      -0.11192E-01        -0.63801E-01
    242.55      0.55101E-01      -0.64227E-01      -0.11363E-01        -0.64227E-01
    243.01      0.54905E-01      -0.64651E-01      -0.11560E-01        -0.64650E-01
    243.48      0.54685E-01      -0.65062E-01      -0.11781E-01        -0.65062E-01
    243.95      0.54448E-01      -0.65454E-01      -0.12019E-01        -0.65454E-01
    244.42      0.54204E-01      -0.65825E-01      -0.12264E-01        -0.65824E-01
    244.89      0.53961E-01      -0.66172E-01      -0.12508E-01        -0.66172E-01
    245.35      0.53726E-01      -0.66500E-01      -0.12744E-01        -0.66499E-01
    245.82      0.53509E-01      -0.66812E-01      -0.12962E-01        -0.66811E-01
    246.29      0.53314E-01      -0.67117E-01      -0.13158E-01        -0.67117E-01
    246.76      0.53143E-01      -0.67427E-01      -0.13331E-01        -0.67427E-01
    247.23      0.52991E-01      -0.67751E-01      -0.13483E-01        -0.67751E-01
    247.70      0.52852E-01      -0.68096E-01      -0.13624E-01        -0.68096E-01
    248.16      0.52716E-01      -0.68465E-01      -0.13761E-01        -0.68465E-01
    248.63      0.52575E-01      -0.68858E-01      -0.13903E-01        -0.68858E-01
    249.10      0.52421E-01      -0.69273E-01      -0.14058E-01        -0.69273E-01
    249.57      0.52247E-01      -0.69705E-01      -0.14233E-01        -0.69704E-01
    250.04      0.52047E-01      -0.70145E-01      -0.14433E-01        -0.70145E-01
    250.51      0.51820E-01      -0.70585E-01      -0.14662E-01        -0.70585E-01
    250.97      0.51567E-01      -0.71014E-01      -0.14915E-01        -0.71013E-01
    251.44      0.51297E-01      -0.71421E-01      -0.15187E-01        -0.71421E-01
    251.91      0.51020E-01      -0.71806E-01      -0.15465E-01        -0.71806E-01
    252.38      0.50745E-01      -0.72169E-01      -0.15741E-01        -0.72169E-01
    252.85      0.50477E-01      -0.72513E-01      -0.16009E-01        -0.72512E-01
    253.31      0.50225E-01      -0.72841E-01      -0.16263E-01        -0.72841E-01
    253.78      0.49995E-01      -0.73162E-01      -0.16494E-01        -0.73161E-01
    254.25      0.49787E-01      -0.73485E-01      -0.16703E-01        -0.73485E-01
    254.72      0.49600E-01      -0.73822E-01      -0.16891E-01        -0.73821E-01
    255.19      0.49427E-01      -0.74179E-01      -0.17065E-01        -0.74179E-01
    255.66      0.49257E-01      -0.74562E-01      -0.17236E-01        -0.74562E-01
    256.12      0.49081E-01      -0.74970E-01      -0.17413E-01        -0.74970E-01
    256.59      0.48891E-01      -0.75399E-01      -0.17604E-01        -0.75399E-01
    257.06      0.48681E-01      -0.75843E-01      -0.17815E-01        -0.75842E-01
    257.53      0.48448E-01      -0.76296E-01      -0.18049E-01        -0.76296E-01
    258.00      0.48186E-01      -0.76750E-01      -0.18312E-01        -0.76749E-01
    258.47      0.47898E-01      -0.77192E-01      -0.18602E-01        -0.77192E-01
    258.93      0.47592E-01      -0.77614E-01      -0.18909E-01        -0.77614E-01
    259.40      0.47277E-01      -0.78013E-01      -0.19224E-01        -0.78013E-01
    259.87      0.46963E-01      -0.78389E-01      -0.19539E-01        -0.78388E-01
    260.34      0.46659E-01      -0.78743E-01      -0.19844E-01        -0.78743E-01
    260.81      0.46372E-01      -0.79085E-01      -0.20132E-01        -0.79084E-01
    261.27      0.46105E-01      -0.79420E-01      -0.20400E-01        -0.79420E-01
    261.74      0.45858E-01      -0.79758E-01      -0.20648E-01        -0.79758E-01
    262.21      0.45631E-01      -0.80107E-01      -0.20876E-01        -0.80106E-01
    262.68      0.45420E-01      -0.80475E-01      -0.21089E-01        -0.80474E-01
    263.15      0.45213E-01      -0.80870E-01      -0.21297E-01        -0.80870E-01
    263.62      0.44999E-01      -0.81291E-01      -0.21512E-01        -0.81290E-01
    264.08      0.44769E-01      -0.81732E-01      -0.21742E-01        -0.81732E-01
    264.55      0.44520E-01      -0.82189E-01      -0.21993E-01        -0.82189E-01
    265.02      0.44245E-01      -0.82655E-01      -0.22269E-01        -0.82654E-01
    265.49      0.43941E-01      -0.83119E-01      -0.22574E-01        -0.83118E-01
    265.96      0.43613E-01      -0.83570E-01      -0.22903E-01        -0.83570E-01
    266.43      0.43269E-01      -0.84003E-01      -0.23248E-01        -0.84003E-01
    266.89      0.42915E-01      -0.84415E-01      -0.23603E-01        -0.84415E-01
    267.36      0.42558E-01      -0.84803E-01      -0.23961E-01        -0.84803E-01
    267.83      0.42210E-01      -0.85168E-01      -0.24310E-01        -0.85167E-01
    268.30      0.41881E-01      -0.85516E-01      -0.24640E-01        -0.85516E-01
    268.77      0.41575E-01      -0.85861E-01      -0.24947E-01        -0.85861E-01
    269.23      0.41288E-01      -0.86211E-01      -0.25235E-01        -0.86210E-01
    269.70      0.41018E-01      -0.86571E-01      -0.25506E-01        -0.86570E-01
    270.17      0.40763E-01      -0.86949E-01      -0.25762E-01        -0.86949E-01
    270.64      0.40512E-01      -0.87354E-01      -0.26014E-01        -0.87353E-01
    271.11      0.40255E-01      -0.87784E-01      -0.26272E-01        -0.87784E-01
    271.58      0.39982E-01      -0.88235E-01      -0.26547E-01        -0.88234E-01
    272.04      0.39688E-01      -0.88700E-01      -0.26842E-01        -0.88700E-01
    272.51      0.39368E-01      -0.89175E-01      -0.27162E-01        -0.89175E-01
    272.98      0.39018E-01      -0.89648E-01      -0.27513E-01        -0.89648E-01
    273.45      0.38642E-01      -0.90107E-01      -0.27890E-01        -0.90106E-01
    273.92      0.38251E-01      -0.90543E-01      -0.28283E-01        -0.90542E-01
    274.39      0.37854E-01      -0.90958E-01      -0.28681E-01        -0.90957E-01
    274.85      0.37456E-01      -0.91353E-01      -0.29079E-01        -0.91352E-01
    275.32      0.37063E-01      -0.91726E-01      -0.29474E-01        -0.91726E-01
    275.79      0.36686E-01      -0.92079E-01      -0.29851E-01        -0.92079E-01
    276.26      0.36336E-01      -0.92426E-01      -0.30203E-01        -0.92425E-01
    276.73      0.36010E-01      -0.92781E-01      -0.30530E-01        -0.92780E-01
    277.19      0.35698E-01      -0.93151E-01      -0.30843E-01        -0.93151E-01
    277.66      0.35395E-01      -0.93540E-01      -0.31147E-01        -0.93540E-01
    278.13      0.35095E-01      -0.93950E-01      -0.31447E-01        -0.93949E-01
    278.60      0.34792E-01      -0.94384E-01      -0.31751E-01        -0.94384E-01
    279.07      0.34474E-01      -0.94843E-01      -0.32071E-01        -0.94843E-01
    279.54      0.34129E-01      -0.95317E-01      -0.32417E-01        -0.95316E-01
    280.00      0.33758E-01      -0.95794E-01      -0.32789E-01        -0.95794E-01
    280.47      0.33361E-01      -0.96268E-01      -0.33187E-01        -0.96267E-01
    280.94      0.32939E-01      -0.96730E-01      -0.33610E-01        -0.96730E-01
    281.41      0.32498E-01      -0.97172E-01      -0.34052E-01        -0.97171E-01
    281.88      0.32049E-01      -0.97586E-01      -0.34502E-01        -0.97586E-01
    282.35      0.31605E-01      -0.97976E-01      -0.34947E-01        -0.97976E-01
    282.81      0.31173E-01      -0.98351E-01      -0.35381E-01        -0.98350E-01
    283.28      0.30753E-01      -0.98713E-01      -0.35801E-01        -0.98713E-01
    283.75      0.30351E-01      -0.99066E-01      -0.36204E-01        -0.99066E-01
    284.22      0.29974E-01      -0.99420E-01      -0.36582E-01        -0.99419E-01
    284.69      0.29620E-01      -0.99790E-01      -0.36937E-01        -0.99789E-01
    285.15      0.29276E-01      -0.10019          -0.37282E-01        -0.10019    
    285.62      0.28927E-01      -0.10061          -0.37633E-01        -0.10061    
    286.09      0.28566E-01      -0.10105          -0.37995E-01        -0.10105    
    286.56      0.28192E-01      -0.10151          -0.38370E-01        -0.10151    
    287.03      0.27799E-01      -0.10198          -0.38763E-01        -0.10198    
    287.50      0.27378E-01      -0.10246          -0.39185E-01        -0.10246    
    287.96      0.26924E-01      -0.10294          -0.39641E-01        -0.10294    
    288.43      0.26442E-01      -0.10340          -0.40123E-01        -0.10340    
    288.90      0.25949E-01      -0.10383          -0.40617E-01        -0.10383    
    289.37      0.25455E-01      -0.10425          -0.41112E-01        -0.10425    
    289.84      0.24962E-01      -0.10464          -0.41607E-01        -0.10464    
    290.31      0.24474E-01      -0.10501          -0.42095E-01        -0.10501    
    290.77      0.24004E-01      -0.10537          -0.42567E-01        -0.10537    
    291.24      0.23559E-01      -0.10572          -0.43013E-01        -0.10572    
    291.71      0.23138E-01      -0.10608          -0.43435E-01        -0.10608    
