        Frequency / GHz                Z Real (kOhm/m)
----------------------------------------------------------------------
   0.00000E+00  0.00000E+00
   0.46823      0.52416E-02
   0.93647      0.13812E-01
    1.4047      0.26924E-01
    1.8729      0.42421E-01
    2.3412      0.55947E-01
    2.8094      0.64184E-01
    3.2776      0.67095E-01
    3.7459      0.67276E-01
    4.2141      0.67701E-01
    4.6823      0.70023E-01
    5.1506      0.74123E-01
    5.6188      0.78744E-01
    6.0870      0.82632E-01
    6.5553      0.85287E-01
    7.0235      0.86829E-01
    7.4918      0.87449E-01
    7.9600      0.87133E-01
    8.4282      0.85799E-01
    8.8965      0.83556E-01
    9.3647      0.80782E-01
    9.8329      0.77924E-01
    10.301      0.75278E-01
    10.769      0.72938E-01
    11.238      0.70917E-01
    11.706      0.69263E-01
    12.174      0.68054E-01
    12.642      0.67311E-01
    13.111      0.66916E-01
    13.579      0.66654E-01
    14.047      0.66325E-01
    14.515      0.65830E-01
    14.984      0.65151E-01
    15.452      0.64281E-01
    15.920      0.63180E-01
    16.388      0.61802E-01
    16.856      0.60168E-01
    17.325      0.58387E-01
    17.793      0.56600E-01
    18.261      0.54910E-01
    18.729      0.53356E-01
    19.198      0.51941E-01
    19.666      0.50679E-01
    20.134      0.49601E-01
    20.602      0.48720E-01
    21.071      0.47995E-01
    21.539      0.47346E-01
    22.007      0.46690E-01
    22.475      0.45976E-01
    22.943      0.45189E-01
    23.412      0.44329E-01
    23.880      0.43384E-01
    24.348      0.42346E-01
    24.816      0.41230E-01
    25.285      0.40078E-01
    25.753      0.38949E-01
    26.221      0.37896E-01
    26.689      0.36944E-01
    27.158      0.36100E-01
    27.626      0.35369E-01
    28.094      0.34755E-01
    28.562      0.34254E-01
    29.031      0.33841E-01
    29.499      0.33476E-01
    29.967      0.33116E-01
    30.435      0.32733E-01
    30.903      0.32318E-01
    31.372      0.31863E-01
    31.840      0.31363E-01
    32.308      0.30817E-01
    32.776      0.30240E-01
    33.245      0.29658E-01
    33.713      0.29105E-01
    34.181      0.28605E-01
    34.649      0.28169E-01
    35.118      0.27801E-01
    35.586      0.27502E-01
    36.054      0.27273E-01
    36.522      0.27108E-01
    36.991      0.26986E-01
    37.459      0.26877E-01
    37.927      0.26755E-01
    38.395      0.26605E-01
    38.863      0.26419E-01
    39.332      0.26198E-01
    39.800      0.25939E-01
    40.268      0.25642E-01
    40.736      0.25316E-01
    41.205      0.24980E-01
    41.673      0.24659E-01
    42.141      0.24370E-01
    42.609      0.24118E-01
    43.078      0.23903E-01
    43.546      0.23723E-01
    44.014      0.23577E-01
    44.482      0.23461E-01
    44.951      0.23361E-01
    45.419      0.23256E-01
    45.887      0.23130E-01
    46.355      0.22972E-01
    46.823      0.22778E-01
    47.292      0.22551E-01
    47.760      0.22293E-01
    48.228      0.22008E-01
    48.696      0.21704E-01
    49.165      0.21396E-01
    49.633      0.21099E-01
    50.101      0.20826E-01
    50.569      0.20583E-01
    51.038      0.20369E-01
    51.506      0.20183E-01
    51.974      0.20022E-01
    52.442      0.19879E-01
    52.910      0.19746E-01
    53.379      0.19610E-01
    53.847      0.19458E-01
    54.315      0.19286E-01
    54.783      0.19091E-01
    55.252      0.18877E-01
    55.720      0.18646E-01
    56.188      0.18402E-01
    56.656      0.18155E-01
    57.125      0.17915E-01
    57.593      0.17694E-01
    58.061      0.17499E-01
    58.529      0.17334E-01
    58.998      0.17195E-01
    59.466      0.17083E-01
    59.934      0.16993E-01
    60.402      0.16920E-01
    60.870      0.16854E-01
    61.339      0.16785E-01
    61.807      0.16704E-01
    62.275      0.16608E-01
    62.743      0.16497E-01
    63.212      0.16373E-01
    63.680      0.16238E-01
    64.148      0.16097E-01
    64.616      0.15955E-01
    65.085      0.15820E-01
    65.553      0.15702E-01
    66.021      0.15605E-01
    66.489      0.15529E-01
    66.958      0.15472E-01
    67.426      0.15431E-01
    67.894      0.15400E-01
    68.362      0.15375E-01
    68.830      0.15349E-01
    69.299      0.15314E-01
    69.767      0.15263E-01
    70.235      0.15192E-01
    70.703      0.15104E-01
    71.172      0.15001E-01
    71.640      0.14886E-01
    72.108      0.14764E-01
    72.576      0.14639E-01
    73.045      0.14518E-01
    73.513      0.14407E-01
    73.981      0.14310E-01
    74.449      0.14227E-01
    74.918      0.14155E-01
    75.386      0.14091E-01
    75.854      0.14032E-01
    76.322      0.13973E-01
    76.790      0.13908E-01
    77.259      0.13832E-01
    77.727      0.13742E-01
    78.195      0.13637E-01
    78.663      0.13517E-01
    79.132      0.13388E-01
    79.600      0.13252E-01
    80.068      0.13114E-01
    80.536      0.12979E-01
    81.005      0.12853E-01
    81.473      0.12740E-01
    81.941      0.12643E-01
    82.409      0.12561E-01
    82.877      0.12491E-01
    83.346      0.12431E-01
    83.814      0.12378E-01
    84.282      0.12327E-01
    84.750      0.12275E-01
    85.219      0.12216E-01
    85.687      0.12149E-01
    86.155      0.12072E-01
    86.623      0.11990E-01
    87.092      0.11904E-01
    87.560      0.11818E-01
    88.028      0.11734E-01
    88.496      0.11658E-01
    88.965      0.11593E-01
    89.433      0.11541E-01
    89.901      0.11505E-01
    90.369      0.11481E-01
    90.837      0.11467E-01
    91.306      0.11459E-01
    91.774      0.11454E-01
    92.242      0.11447E-01
    92.710      0.11435E-01
    93.179      0.11415E-01
    93.647      0.11383E-01
    94.115      0.11340E-01
    94.583      0.11289E-01
    95.052      0.11233E-01
    95.520      0.11173E-01
    95.988      0.11113E-01
    96.456      0.11056E-01
    96.925      0.11005E-01
    97.393      0.10961E-01
    97.861      0.10925E-01
    98.329      0.10895E-01
    98.797      0.10867E-01
    99.266      0.10839E-01
    99.734      0.10808E-01
    100.20      0.10770E-01
    100.67      0.10724E-01
    101.14      0.10667E-01
    101.61      0.10598E-01
    102.08      0.10519E-01
    102.54      0.10433E-01
    103.01      0.10343E-01
    103.48      0.10252E-01
    103.95      0.10163E-01
    104.42      0.10080E-01
    104.88      0.10005E-01
    105.35      0.99401E-02
    105.82      0.98842E-02
    106.29      0.98360E-02
    106.76      0.97931E-02
    107.23      0.97528E-02
    107.69      0.97132E-02
    108.16      0.96723E-02
    108.63      0.96276E-02
    109.10      0.95777E-02
    109.57      0.95232E-02
    110.04      0.94658E-02
    110.50      0.94083E-02
    110.97      0.93535E-02
    111.44      0.93036E-02
    111.91      0.92604E-02
    112.38      0.92262E-02
    112.84      0.92027E-02
    113.31      0.91896E-02
    113.78      0.91859E-02
    114.25      0.91886E-02
    114.72      0.91942E-02
    115.19      0.92002E-02
    115.65      0.92041E-02
    116.12      0.92033E-02
    116.59      0.91957E-02
    117.06      0.91802E-02
    117.53      0.91567E-02
    118.00      0.91266E-02
    118.46      0.90925E-02
    118.93      0.90566E-02
    119.40      0.90205E-02
    119.87      0.89858E-02
    120.34      0.89539E-02
    120.80      0.89253E-02
    121.27      0.89001E-02
    121.74      0.88769E-02
    122.21      0.88530E-02
    122.68      0.88261E-02
    123.15      0.87945E-02
    123.61      0.87563E-02
    124.08      0.87105E-02
    124.55      0.86566E-02
    125.02      0.85950E-02
    125.49      0.85270E-02
    125.96      0.84555E-02
    126.42      0.83835E-02
    126.89      0.83135E-02
    127.36      0.82480E-02
    127.83      0.81892E-02
    128.30      0.81386E-02
    128.76      0.80970E-02
    129.23      0.80643E-02
    129.70      0.80387E-02
    130.17      0.80182E-02
    130.64      0.80010E-02
    131.11      0.79854E-02
    131.57      0.79699E-02
    132.04      0.79533E-02
    132.51      0.79349E-02
    132.98      0.79145E-02
    133.45      0.78936E-02
    133.92      0.78741E-02
    134.38      0.78573E-02
    134.85      0.78445E-02
    135.32      0.78365E-02
    135.79      0.78335E-02
    136.26      0.78354E-02
    136.72      0.78418E-02
    137.19      0.78505E-02
    137.66      0.78587E-02
    138.13      0.78638E-02
    138.60      0.78633E-02
    139.07      0.78552E-02
    139.53      0.78385E-02
    140.00      0.78123E-02
    140.47      0.77763E-02
    140.94      0.77313E-02
    141.41      0.76797E-02
    141.88      0.76236E-02
    142.34      0.75660E-02
    142.81      0.75090E-02
    143.28      0.74543E-02
    143.75      0.74033E-02
    144.22      0.73574E-02
    144.68      0.73170E-02
    145.15      0.72813E-02
    145.62      0.72497E-02
    146.09      0.72209E-02
    146.56      0.71937E-02
    147.03      0.71678E-02
    147.49      0.71432E-02
    147.96      0.71194E-02
    148.43      0.70970E-02
    148.90      0.70773E-02
    149.37      0.70613E-02
    149.84      0.70504E-02
    150.30      0.70456E-02
    150.77      0.70470E-02
    151.24      0.70538E-02
    151.71      0.70653E-02
    152.18      0.70798E-02
    152.64      0.70948E-02
    153.11      0.71075E-02
    153.58      0.71150E-02
    154.05      0.71143E-02
    154.52      0.71036E-02
    154.99      0.70822E-02
    155.45      0.70493E-02
    155.92      0.70054E-02
    156.39      0.69524E-02
    156.86      0.68929E-02
    157.33      0.68303E-02
    157.79      0.67685E-02
    158.26      0.67105E-02
    158.73      0.66589E-02
    159.20      0.66163E-02
    159.67      0.65845E-02
    160.14      0.65642E-02
    160.60      0.65551E-02
    161.07      0.65560E-02
    161.54      0.65645E-02
    162.01      0.65781E-02
    162.48      0.65948E-02
    162.95      0.66117E-02
    163.41      0.66259E-02
    163.88      0.66350E-02
    164.35      0.66368E-02
    164.82      0.66299E-02
    165.29      0.66140E-02
    165.75      0.65890E-02
    166.22      0.65552E-02
    166.69      0.65139E-02
    167.16      0.64675E-02
    167.63      0.64188E-02
    168.10      0.63714E-02
    168.56      0.63289E-02
    169.03      0.62941E-02
    169.50      0.62698E-02
    169.97      0.62581E-02
    170.44      0.62591E-02
    170.91      0.62708E-02
    171.37      0.62893E-02
    171.84      0.63087E-02
    172.31      0.63223E-02
    172.78      0.63244E-02
    173.25      0.63101E-02
    173.71      0.62771E-02
    174.18      0.62277E-02
    174.65      0.61693E-02
    175.12      0.61128E-02
    175.59      0.60706E-02
    176.06      0.60531E-02
    176.52      0.60634E-02
    176.99      0.60955E-02
    177.46      0.61349E-02
    177.93      0.61615E-02
    178.40      0.61575E-02
    178.87      0.61173E-02
    179.33      0.60522E-02
    179.80      0.59872E-02
    180.27      0.59485E-02
    180.74      0.59450E-02
    181.21      0.59595E-02
    181.67      0.59636E-02
    182.14      0.59440E-02
    182.61      0.59150E-02
    183.08      0.58998E-02
    183.55      0.59032E-02
    184.02      0.59093E-02
    184.48      0.59048E-02
    184.95      0.58928E-02
    185.42      0.58804E-02
    185.89      0.58673E-02
    186.36      0.58501E-02
    186.83      0.58273E-02
    187.29      0.57988E-02
    187.76      0.57646E-02
    188.23      0.57265E-02
    188.70      0.56886E-02
    189.17      0.56560E-02
    189.63      0.56318E-02
    190.10      0.56152E-02
    190.57      0.56032E-02
    191.04      0.55923E-02
    191.51      0.55794E-02
    191.98      0.55616E-02
    192.44      0.55385E-02
    192.91      0.55106E-02
    193.38      0.54794E-02
    193.85      0.54472E-02
    194.32      0.54169E-02
    194.79      0.53909E-02
    195.25      0.53717E-02
    195.72      0.53608E-02
    196.19      0.53577E-02
    196.66      0.53591E-02
    197.13      0.53611E-02
    197.59      0.53594E-02
    198.06      0.53518E-02
    198.53      0.53399E-02
    199.00      0.53270E-02
    199.47      0.53149E-02
    199.94      0.53044E-02
    200.40      0.52952E-02
    200.87      0.52862E-02
    201.34      0.52767E-02
    201.81      0.52669E-02
    202.28      0.52563E-02
    202.75      0.52449E-02
    203.21      0.52332E-02
    203.68      0.52215E-02
    204.15      0.52098E-02
    204.62      0.51986E-02
    205.09      0.51884E-02
    205.55      0.51789E-02
    206.02      0.51705E-02
    206.49      0.51632E-02
    206.96      0.51560E-02
    207.43      0.51487E-02
    207.90      0.51411E-02
    208.36      0.51327E-02
    208.83      0.51231E-02
    209.30      0.51128E-02
    209.77      0.51015E-02
    210.24      0.50890E-02
    210.71      0.50761E-02
    211.17      0.50634E-02
    211.64      0.50509E-02
    212.11      0.50393E-02
    212.58      0.50291E-02
    213.05      0.50198E-02
    213.51      0.50115E-02
    213.98      0.50047E-02
    214.45      0.49985E-02
    214.92      0.49922E-02
    215.39      0.49857E-02
    215.86      0.49782E-02
    216.32      0.49692E-02
    216.79      0.49592E-02
    217.26      0.49482E-02
    217.73      0.49360E-02
    218.20      0.49234E-02
    218.67      0.49109E-02
    219.13      0.48986E-02
    219.60      0.48871E-02
    220.07      0.48770E-02
    220.54      0.48681E-02
    221.01      0.48603E-02
    221.47      0.48539E-02
    221.94      0.48481E-02
    222.41      0.48422E-02
    222.88      0.48364E-02
    223.35      0.48300E-02
    223.82      0.48222E-02
    224.28      0.48132E-02
    224.75      0.48032E-02
    225.22      0.47918E-02
    225.69      0.47797E-02
    226.16      0.47677E-02
    226.63      0.47558E-02
    227.09      0.47445E-02
    227.56      0.47346E-02
    228.03      0.47259E-02
    228.50      0.47184E-02
    228.97      0.47123E-02
    229.43      0.47071E-02
    229.90      0.47019E-02
    230.37      0.46967E-02
    230.84      0.46911E-02
    231.31      0.46841E-02
    231.78      0.46760E-02
    232.24      0.46670E-02
    232.71      0.46566E-02
    233.18      0.46452E-02
    233.65      0.46337E-02
    234.12      0.46224E-02
    234.59      0.46115E-02
    235.05      0.46020E-02
    235.52      0.45937E-02
    235.99      0.45863E-02
    236.46      0.45803E-02
    236.93      0.45755E-02
    237.39      0.45709E-02
    237.86      0.45664E-02
    238.33      0.45615E-02
    238.80      0.45553E-02
    239.27      0.45479E-02
    239.74      0.45396E-02
    240.20      0.45301E-02
    240.67      0.45194E-02
    241.14      0.45086E-02
    241.61      0.44976E-02
    242.08      0.44870E-02
    242.55      0.44776E-02
    243.01      0.44696E-02
    243.48      0.44625E-02
    243.95      0.44566E-02
    244.42      0.44519E-02
    244.89      0.44476E-02
    245.35      0.44434E-02
    245.82      0.44391E-02
    246.29      0.44337E-02
    246.76      0.44268E-02
    247.23      0.44192E-02
    247.70      0.44104E-02
    248.16      0.44004E-02
    248.63      0.43902E-02
    249.10      0.43800E-02
    249.57      0.43698E-02
    250.04      0.43606E-02
    250.51      0.43529E-02
    250.97      0.43462E-02
    251.44      0.43407E-02
    251.91      0.43365E-02
    252.38      0.43325E-02
    252.85      0.43286E-02
    253.31      0.43249E-02
    253.78      0.43202E-02
    254.25      0.43141E-02
    254.72      0.43072E-02
    255.19      0.42992E-02
    255.66      0.42897E-02
    256.12      0.42799E-02
    256.59      0.42705E-02
    257.06      0.42608E-02
    257.53      0.42519E-02
    258.00      0.42445E-02
    258.47      0.42379E-02
    258.93      0.42325E-02
    259.40      0.42286E-02
    259.87      0.42251E-02
    260.34      0.42215E-02
    260.81      0.42179E-02
    261.27      0.42136E-02
    261.74      0.42080E-02
    262.21      0.42018E-02
    262.68      0.41945E-02
    263.15      0.41856E-02
    263.62      0.41762E-02
    264.08      0.41671E-02
    264.55      0.41580E-02
    265.02      0.41494E-02
    265.49      0.41424E-02
    265.96      0.41363E-02
    266.43      0.41308E-02
    266.89      0.41268E-02
    267.36      0.41237E-02
    267.83      0.41206E-02
    268.30      0.41174E-02
    268.77      0.41135E-02
    269.23      0.41082E-02
    269.70      0.41023E-02
    270.17      0.40958E-02
    270.64      0.40876E-02
    271.11      0.40786E-02
    271.58      0.40701E-02
    272.04      0.40615E-02
    272.51      0.40531E-02
    272.98      0.40464E-02
    273.45      0.40408E-02
    273.92      0.40358E-02
    274.39      0.40320E-02
    274.85      0.40290E-02
    275.32      0.40261E-02
    275.79      0.40234E-02
    276.26      0.40203E-02
    276.73      0.40154E-02
    277.19      0.40095E-02
    277.66      0.40036E-02
    278.13      0.39963E-02
    278.60      0.39877E-02
    279.07      0.39794E-02
    279.54      0.39713E-02
    280.00      0.39635E-02
    280.47      0.39569E-02
    280.94      0.39514E-02
    281.41      0.39465E-02
    281.88      0.39432E-02
    282.35      0.39408E-02
    282.81      0.39376E-02
    283.28      0.39345E-02
    283.75      0.39319E-02
    284.22      0.39280E-02
    284.69      0.39225E-02
    285.15      0.39162E-02
    285.62      0.39089E-02
    286.09      0.39010E-02
    286.56      0.38937E-02
    287.03      0.38860E-02
    287.50      0.38778E-02
    287.96      0.38714E-02
    288.43      0.38668E-02
    288.90      0.38625E-02
    289.37      0.38590E-02
    289.84      0.38565E-02
    290.31      0.38540E-02
    290.77      0.38515E-02
    291.24      0.38491E-02
    291.71      0.38451E-02