        Frequency / GHz                Z Real (kOhm/m)
----------------------------------------------------------------------
   0.00000E+00  0.15867    
   0.46823      0.15973    
   0.93647      0.16198    
    1.4047      0.16283    
    1.8729      0.15927    
    2.3412      0.15039    
    2.8094      0.13850    
    3.2776      0.12730    
    3.7459      0.11923    
    4.2141      0.11439    
    4.6823      0.11116    
    5.1506      0.10757    
    5.6188      0.10248    
    6.0870      0.96046E-01
    6.5553      0.89018E-01
    7.0235      0.81963E-01
    7.4918      0.75040E-01
    7.9600      0.68292E-01
    8.4282      0.61931E-01
    8.8965      0.56323E-01
    9.3647      0.51737E-01
    9.8329      0.48164E-01
    10.301      0.45384E-01
    10.769      0.43168E-01
    11.238      0.41378E-01
    11.706      0.39932E-01
    12.174      0.38699E-01
    12.642      0.37470E-01
    13.111      0.36030E-01
    13.579      0.34285E-01
    14.047      0.32276E-01
    14.515      0.30115E-01
    14.984      0.27890E-01
    15.452      0.25639E-01
    15.920      0.23397E-01
    16.388      0.21252E-01
    16.856      0.19336E-01
    17.325      0.17750E-01
    17.793      0.16506E-01
    18.261      0.15543E-01
    18.729      0.14784E-01
    19.198      0.14178E-01
    19.666      0.13700E-01
    20.134      0.13307E-01
    20.602      0.12921E-01
    21.071      0.12459E-01
    21.539      0.11877E-01
    22.007      0.11184E-01
    22.475      0.10423E-01
    22.943      0.96395E-02
    23.412      0.88594E-02
    23.880      0.81052E-02
    24.348      0.74143E-02
    24.816      0.68350E-02
    25.285      0.64063E-02
    25.753      0.61380E-02
    26.221      0.60056E-02
    26.689      0.59703E-02
    27.158      0.60004E-02
    27.626      0.60717E-02
    28.094      0.61553E-02
    28.562      0.62148E-02
    29.031      0.62144E-02
    29.499      0.61342E-02
    29.967      0.59801E-02
    30.435      0.57748E-02
    30.903      0.55398E-02
    31.372      0.52925E-02
    31.840      0.50521E-02
    32.308      0.48427E-02
    32.776      0.46906E-02
    33.245      0.46135E-02
    33.713      0.46101E-02
    34.181      0.46629E-02
    34.649      0.47516E-02
    35.118      0.48589E-02
    35.586      0.49684E-02
    36.054      0.50614E-02
    36.522      0.51156E-02
    36.991      0.51099E-02
    37.459      0.50372E-02
    37.927      0.49068E-02
    38.395      0.47363E-02
    38.863      0.45420E-02
    39.332      0.43371E-02
    39.800      0.41332E-02
    40.268      0.39458E-02
    40.736      0.37940E-02
    41.205      0.36899E-02
    41.673      0.36314E-02
    42.141      0.36057E-02
    42.609      0.35970E-02
    43.078      0.35920E-02
    43.546      0.35817E-02
    44.014      0.35565E-02
    44.482      0.35029E-02
    44.951      0.34091E-02
    45.419      0.32726E-02
    45.887      0.31007E-02
    46.355      0.29073E-02
    46.823      0.27074E-02
    47.292      0.25122E-02
    47.760      0.23304E-02
    48.228      0.21721E-02
    48.696      0.20481E-02
    49.165      0.19640E-02
    49.633      0.19182E-02
    50.101      0.19022E-02
    50.569      0.19030E-02
    51.038      0.19096E-02
    51.506      0.19144E-02
    51.974      0.19094E-02
    52.442      0.18859E-02
    52.910      0.18385E-02
    53.379      0.17666E-02
    53.847      0.16758E-02
    54.315      0.15769E-02
    54.783      0.14799E-02
    55.252      0.13919E-02
    55.720      0.13202E-02
    56.188      0.12720E-02
    56.656      0.12529E-02
    57.125      0.12644E-02
    57.593      0.13028E-02
    58.061      0.13588E-02
    58.529      0.14222E-02
    58.998      0.14855E-02
    59.466      0.15418E-02
    59.934      0.15843E-02
    60.402      0.16071E-02
    60.870      0.16062E-02
    61.339      0.15818E-02
    61.807      0.15404E-02
    62.275      0.14911E-02
    62.743      0.14412E-02
    63.212      0.13961E-02
    63.680      0.13604E-02
    64.148      0.13384E-02
    64.616      0.13338E-02
    65.085      0.13481E-02
    65.553      0.13768E-02
    66.021      0.14113E-02
    66.489      0.14438E-02
    66.958      0.14678E-02
    67.426      0.14786E-02
    67.894      0.14729E-02
    68.362      0.14477E-02
    68.830      0.14006E-02
    69.299      0.13337E-02
    69.767      0.12534E-02
    70.235      0.11673E-02
    70.703      0.10825E-02
    71.172      0.10047E-02
    71.640      0.93737E-03
    72.108      0.88305E-03
    72.576      0.84443E-03
    73.045      0.82143E-03
    73.513      0.81014E-03
    73.981      0.80482E-03
    74.449      0.79915E-03
    74.918      0.78767E-03
    75.386      0.76735E-03
    75.854      0.73639E-03
    76.322      0.69284E-03
    76.790      0.63678E-03
    77.259      0.57157E-03
    77.727      0.50243E-03
    78.195      0.43545E-03
    78.663      0.37654E-03
    79.132      0.32941E-03
    79.600      0.29632E-03
    80.068      0.27959E-03
    80.536      0.27995E-03
    81.005      0.29520E-03
    81.473      0.32124E-03
    81.941      0.35254E-03
    82.409      0.38318E-03
    82.877      0.40914E-03
    83.346      0.42820E-03
    83.814      0.43806E-03
    84.282      0.43723E-03
    84.750      0.42645E-03
    85.219      0.40830E-03
    85.687      0.38723E-03
    86.155      0.36880E-03
    86.623      0.35690E-03
    87.092      0.35311E-03
    87.560      0.35868E-03
    88.028      0.37446E-03
    88.496      0.39976E-03
    88.965      0.43248E-03
    89.433      0.46857E-03
    89.901      0.50212E-03
    90.369      0.52815E-03
    90.837      0.54402E-03
    91.306      0.54800E-03
    91.774      0.53903E-03
    92.242      0.51739E-03
    92.710      0.48417E-03
    93.179      0.44192E-03
    93.647      0.39550E-03
    94.115      0.34989E-03
    94.583      0.30832E-03
    95.052      0.27291E-03
    95.520      0.24476E-03
    95.988      0.22360E-03
    96.456      0.20876E-03
    96.925      0.19875E-03
    97.393      0.18998E-03
    97.861      0.17818E-03
    98.329      0.16043E-03
    98.797      0.13483E-03
    99.266      0.10053E-03
    99.734      0.58260E-04
    100.20      0.92347E-05
    100.67     -0.44789E-04
    101.14     -0.10014E-03
    101.61     -0.15227E-03
    102.08     -0.19764E-03
    102.54     -0.23358E-03
    103.01     -0.25837E-03
    103.48     -0.27190E-03
    103.95     -0.27473E-03
    104.42     -0.26779E-03
    104.88     -0.25382E-03
    105.35     -0.23680E-03
    105.82     -0.22012E-03
    106.29     -0.20650E-03
    106.76     -0.19783E-03
    107.23     -0.19432E-03
    107.69     -0.19559E-03
    108.16     -0.20138E-03
    108.63     -0.20999E-03
    109.10     -0.21826E-03
    109.57     -0.22322E-03
    110.04     -0.22242E-03
    110.50     -0.21434E-03
    110.97     -0.19937E-03
    111.44     -0.17868E-03
    111.91     -0.15312E-03
    112.38     -0.12457E-03
    112.84     -0.96403E-04
    113.31     -0.72087E-04
    113.78     -0.54920E-04
    114.25     -0.47568E-04
    114.72     -0.50689E-04
    115.19     -0.63658E-04
    115.65     -0.86003E-04
    116.12     -0.11650E-03
    116.59     -0.15264E-03
    117.06     -0.19163E-03
    117.53     -0.23047E-03
    118.00     -0.26612E-03
    118.46     -0.29730E-03
    118.93     -0.32427E-03
    119.40     -0.34729E-03
    119.87     -0.36707E-03
    120.34     -0.38533E-03
    120.80     -0.40384E-03
    121.27     -0.42462E-03
    121.74     -0.44999E-03
    122.21     -0.48078E-03
    122.68     -0.51617E-03
    123.15     -0.55515E-03
    123.61     -0.59629E-03
    124.08     -0.63715E-03
    124.55     -0.67525E-03
    125.02     -0.70807E-03
    125.49     -0.73272E-03
    125.96     -0.74750E-03
    126.42     -0.75245E-03
    126.89     -0.74797E-03
    127.36     -0.73499E-03
    127.83     -0.71561E-03
    128.30     -0.69215E-03
    128.76     -0.66708E-03
    129.23     -0.64357E-03
    129.70     -0.62399E-03
    130.17     -0.60901E-03
    130.64     -0.59895E-03
    131.11     -0.59376E-03
    131.57     -0.59250E-03
    132.04     -0.59408E-03
    132.51     -0.59730E-03
    132.98     -0.60005E-03
    133.45     -0.60071E-03
    133.92     -0.59938E-03
    134.38     -0.59668E-03
    134.85     -0.59350E-03
    135.32     -0.59153E-03
    135.79     -0.59234E-03
    136.26     -0.59735E-03
    136.72     -0.60880E-03
    137.19     -0.62866E-03
    137.66     -0.65718E-03
    138.13     -0.69380E-03
    138.60     -0.73737E-03
    139.07     -0.78559E-03
    139.53     -0.83612E-03
    140.00     -0.88693E-03
    140.47     -0.93511E-03
    140.94     -0.97756E-03
    141.41     -0.10124E-02
    141.88     -0.10388E-02
    142.34     -0.10563E-02
    142.81     -0.10659E-02
    143.28     -0.10689E-02
    143.75     -0.10662E-02
    144.22     -0.10595E-02
    144.68     -0.10513E-02
    145.15     -0.10429E-02
    145.62     -0.10351E-02
    146.09     -0.10287E-02
    146.56     -0.10233E-02
    147.03     -0.10180E-02
    147.49     -0.10128E-02
    147.96     -0.10071E-02
    148.43     -0.99983E-03
    148.90     -0.99103E-03
    149.37     -0.98126E-03
    149.84     -0.97125E-03
    150.30     -0.96283E-03
    150.77     -0.95824E-03
    151.24     -0.95891E-03
    151.71     -0.96642E-03
    152.18     -0.98264E-03
    152.64     -0.10083E-02
    153.11     -0.10430E-02
    153.58     -0.10862E-02
    154.05     -0.11356E-02
    154.52     -0.11880E-02
    154.99     -0.12409E-02
    155.45     -0.12911E-02
    155.92     -0.13352E-02
    156.39     -0.13701E-02
    156.86     -0.13940E-02
    157.33     -0.14057E-02
    157.79     -0.14053E-02
    158.26     -0.13946E-02
    158.73     -0.13751E-02
    159.20     -0.13491E-02
    159.67     -0.13201E-02
    160.14     -0.12914E-02
    160.60     -0.12660E-02
    161.07     -0.12472E-02
    161.54     -0.12370E-02
    162.01     -0.12359E-02
    162.48     -0.12449E-02
    162.95     -0.12641E-02
    163.41     -0.12924E-02
    163.88     -0.13282E-02
    164.35     -0.13694E-02
    164.82     -0.14131E-02
    165.29     -0.14566E-02
    165.75     -0.14976E-02
    166.22     -0.15336E-02
    166.69     -0.15617E-02
    167.16     -0.15803E-02
    167.63     -0.15885E-02
    168.10     -0.15861E-02
    168.56     -0.15747E-02
    169.03     -0.15568E-02
    169.50     -0.15354E-02
    169.97     -0.15149E-02
    170.44     -0.15006E-02
    170.91     -0.14971E-02
    171.37     -0.15075E-02
    171.84     -0.15334E-02
    172.31     -0.15730E-02
    172.78     -0.16214E-02
    173.25     -0.16727E-02
    173.71     -0.17180E-02
    174.18     -0.17481E-02
    174.65     -0.17569E-02
    175.12     -0.17434E-02
    175.59     -0.17124E-02
    176.06     -0.16762E-02
    176.52     -0.16507E-02
    176.99     -0.16499E-02
    177.46     -0.16811E-02
    177.93     -0.17405E-02
    178.40     -0.18112E-02
    178.87     -0.18691E-02
    179.33     -0.18946E-02
    179.80     -0.18832E-02
    180.27     -0.18519E-02
    180.74     -0.18304E-02
    181.21     -0.18386E-02
    181.67     -0.18694E-02
    182.14     -0.18968E-02
    182.61     -0.19037E-02
    183.08     -0.18995E-02
    183.55     -0.19059E-02
    184.02     -0.19303E-02
    184.48     -0.19613E-02
    184.95     -0.19883E-02
    185.42     -0.20133E-02
    185.89     -0.20407E-02
    186.36     -0.20698E-02
    186.83     -0.20983E-02
    187.29     -0.21247E-02
    187.76     -0.21468E-02
    188.23     -0.21623E-02
    188.70     -0.21701E-02
    189.17     -0.21715E-02
    189.63     -0.21711E-02
    190.10     -0.21738E-02
    190.57     -0.21820E-02
    191.04     -0.21956E-02
    191.51     -0.22138E-02
    191.98     -0.22337E-02
    192.44     -0.22516E-02
    192.91     -0.22656E-02
    193.38     -0.22740E-02
    193.85     -0.22756E-02
    194.32     -0.22710E-02
    194.79     -0.22617E-02
    195.25     -0.22499E-02
    195.72     -0.22393E-02
    196.19     -0.22340E-02
    196.66     -0.22364E-02
    197.13     -0.22465E-02
    197.59     -0.22620E-02
    198.06     -0.22783E-02
    198.53     -0.22913E-02
    199.00     -0.23013E-02
    199.47     -0.23099E-02
    199.94     -0.23184E-02
    200.40     -0.23283E-02
    200.87     -0.23397E-02
    201.34     -0.23515E-02
    201.81     -0.23637E-02
    202.28     -0.23761E-02
    202.75     -0.23878E-02
    203.21     -0.23987E-02
    203.68     -0.24094E-02
    204.15     -0.24194E-02
    204.62     -0.24287E-02
    205.09     -0.24382E-02
    205.55     -0.24481E-02
    206.02     -0.24584E-02
    206.49     -0.24700E-02
    206.96     -0.24830E-02
    207.43     -0.24969E-02
    207.90     -0.25115E-02
    208.36     -0.25270E-02
    208.83     -0.25422E-02
    209.30     -0.25571E-02
    209.77     -0.25717E-02
    210.24     -0.25853E-02
    210.71     -0.25972E-02
    211.17     -0.26084E-02
    211.64     -0.26186E-02
    212.11     -0.26281E-02
    212.58     -0.26377E-02
    213.05     -0.26479E-02
    213.51     -0.26585E-02
    213.98     -0.26703E-02
    214.45     -0.26839E-02
    214.92     -0.26987E-02
    215.39     -0.27144E-02
    215.86     -0.27311E-02
    216.32     -0.27477E-02
    216.79     -0.27634E-02
    217.26     -0.27786E-02
    217.73     -0.27927E-02
    218.20     -0.28051E-02
    218.67     -0.28166E-02
    219.13     -0.28273E-02
    219.60     -0.28371E-02
    220.07     -0.28469E-02
    220.54     -0.28574E-02
    221.01     -0.28685E-02
    221.47     -0.28806E-02
    221.94     -0.28945E-02
    222.41     -0.29094E-02
    222.88     -0.29251E-02
    223.35     -0.29420E-02
    223.82     -0.29591E-02
    224.28     -0.29755E-02
    224.75     -0.29914E-02
    225.22     -0.30063E-02
    225.69     -0.30193E-02
    226.16     -0.30313E-02
    226.63     -0.30426E-02
    227.09     -0.30528E-02
    227.56     -0.30628E-02
    228.03     -0.30735E-02
    228.50     -0.30848E-02
    228.97     -0.30969E-02
    229.43     -0.31108E-02
    229.90     -0.31261E-02
    230.37     -0.31419E-02
    230.84     -0.31589E-02
    231.31     -0.31762E-02
    231.78     -0.31927E-02
    232.24     -0.32088E-02
    232.71     -0.32243E-02
    233.18     -0.32379E-02
    233.65     -0.32501E-02
    234.12     -0.32616E-02
    234.59     -0.32722E-02
    235.05     -0.32823E-02
    235.52     -0.32933E-02
    235.99     -0.33048E-02
    236.46     -0.33168E-02
    236.93     -0.33306E-02
    237.39     -0.33458E-02
    237.86     -0.33617E-02
    238.33     -0.33787E-02
    238.80     -0.33963E-02
    239.27     -0.34130E-02
    239.74     -0.34291E-02
    240.20     -0.34447E-02
    240.67     -0.34587E-02
    241.14     -0.34713E-02
    241.61     -0.34833E-02
    242.08     -0.34942E-02
    242.55     -0.35044E-02
    243.01     -0.35155E-02
    243.48     -0.35273E-02
    243.95     -0.35394E-02
    244.42     -0.35531E-02
    244.89     -0.35683E-02
    245.35     -0.35841E-02
    245.82     -0.36009E-02
    246.29     -0.36184E-02
    246.76     -0.36353E-02
    247.23     -0.36513E-02
    247.70     -0.36670E-02
    248.16     -0.36812E-02
    248.63     -0.36938E-02
    249.10     -0.37061E-02
    249.57     -0.37174E-02
    250.04     -0.37278E-02
    250.51     -0.37387E-02
    250.97     -0.37505E-02
    251.44     -0.37627E-02
    251.91     -0.37763E-02
    252.38     -0.37915E-02
    252.85     -0.38072E-02
    253.31     -0.38235E-02
    253.78     -0.38410E-02
    254.25     -0.38578E-02
    254.72     -0.38737E-02
    255.19     -0.38895E-02
    255.66     -0.39039E-02
    256.12     -0.39163E-02
    256.59     -0.39284E-02
    257.06     -0.39400E-02
    257.53     -0.39505E-02
    258.00     -0.39614E-02
    258.47     -0.39732E-02
    258.93     -0.39853E-02
    259.40     -0.39986E-02
    259.87     -0.40137E-02
    260.34     -0.40295E-02
    260.81     -0.40458E-02
    261.27     -0.40629E-02
    261.74     -0.40796E-02
    262.21     -0.40953E-02
    262.68     -0.41111E-02
    263.15     -0.41257E-02
    263.62     -0.41381E-02
    264.08     -0.41499E-02
    264.55     -0.41615E-02
    265.02     -0.41720E-02
    265.49     -0.41828E-02
    265.96     -0.41948E-02
    266.43     -0.42071E-02
    266.89     -0.42200E-02
    267.36     -0.42349E-02
    267.83     -0.42506E-02
    268.30     -0.42667E-02
    268.77     -0.42838E-02
    269.23     -0.43004E-02
    269.70     -0.43157E-02
    270.17     -0.43310E-02
    270.64     -0.43456E-02
    271.11     -0.43579E-02
    271.58     -0.43695E-02
    272.04     -0.43810E-02
    272.51     -0.43915E-02
    272.98     -0.44017E-02
    273.45     -0.44134E-02
    273.92     -0.44257E-02
    274.39     -0.44385E-02
    274.85     -0.44530E-02
    275.32     -0.44682E-02
    275.79     -0.44837E-02
    276.26     -0.45004E-02
    276.73     -0.45170E-02
    277.19     -0.45317E-02
    277.66     -0.45460E-02
    278.13     -0.45602E-02
    278.60     -0.45724E-02
    279.07     -0.45832E-02
    279.54     -0.45941E-02
    280.00     -0.46043E-02
    280.47     -0.46143E-02
    280.94     -0.46256E-02
    281.41     -0.46373E-02
    281.88     -0.46495E-02
    282.35     -0.46640E-02
    282.81     -0.46794E-02
    283.28     -0.46939E-02
    283.75     -0.47093E-02
    284.22     -0.47255E-02
    284.69     -0.47403E-02
    285.15     -0.47540E-02
    285.62     -0.47669E-02
    286.09     -0.47779E-02
    286.56     -0.47882E-02
    287.03     -0.47992E-02
    287.50     -0.48089E-02
    287.96     -0.48176E-02
    288.43     -0.48282E-02
    288.90     -0.48401E-02
    289.37     -0.48521E-02
    289.84     -0.48655E-02
    290.31     -0.48801E-02
    290.77     -0.48942E-02
    291.24     -0.49091E-02
    291.71     -0.49245E-02