     f(GHz)     Re[Z] kOhm         Im[Z] kOhm      Re[Z]+log kOhm       Im[Z]+log kOhm
   0.00000E+00  0.63830E-03         0.00000E+00      0.66569E-01          0.00000E+00
   0.46823      0.94814E-03         0.58675E-02      0.66880E-01          0.58675E-02
   0.93647      0.19410E-02         0.11843E-01      0.67873E-01          0.11843E-01
    1.4047      0.38888E-02         0.17980E-01      0.69822E-01          0.17980E-01
    1.8729      0.72385E-02         0.23993E-01      0.73173E-01          0.23993E-01
    2.3412      0.12176E-01         0.29098E-01      0.78111E-01          0.29098E-01
    2.8094      0.18170E-01         0.32415E-01      0.84106E-01          0.32415E-01
    3.2776      0.24133E-01         0.33669E-01      0.90071E-01          0.33669E-01
    3.7459      0.29141E-01         0.33395E-01      0.95079E-01          0.33395E-01
    4.2141      0.32949E-01         0.32436E-01      0.98888E-01          0.32436E-01
    4.6823      0.35826E-01         0.31332E-01      0.10177              0.31332E-01
    5.1506      0.38038E-01         0.30198E-01      0.10398              0.30198E-01
    5.6188      0.39597E-01         0.29074E-01      0.10554              0.29074E-01
    6.0870      0.40462E-01         0.28202E-01      0.10641              0.28202E-01
    6.5553      0.40831E-01         0.27931E-01      0.10678              0.27931E-01
    7.0235      0.41156E-01         0.28417E-01      0.10710              0.28417E-01
    7.4918      0.41876E-01         0.29468E-01      0.10782              0.29468E-01
    7.9600      0.43164E-01         0.30702E-01      0.10911              0.30702E-01
    8.4282      0.44928E-01         0.31816E-01      0.11088              0.31816E-01
    8.8965      0.47013E-01         0.32700E-01      0.11296              0.32700E-01
    9.3647      0.49355E-01         0.33333E-01      0.11531              0.33333E-01
    9.8329      0.51953E-01         0.33629E-01      0.11790              0.33629E-01
    10.301      0.54725E-01         0.33428E-01      0.12068              0.33428E-01
    10.769      0.57446E-01         0.32614E-01      0.12340              0.32614E-01
    11.238      0.59837E-01         0.31245E-01      0.12579              0.31245E-01
    11.706      0.61713E-01         0.29536E-01      0.12767              0.29536E-01
    12.174      0.63059E-01         0.27729E-01      0.12902              0.27729E-01
    12.642      0.63965E-01         0.25983E-01      0.12992              0.25983E-01
    13.111      0.64516E-01         0.24363E-01      0.13047              0.24363E-01
    13.579      0.64754E-01         0.22920E-01      0.13071              0.22920E-01
    14.047      0.64726E-01         0.21743E-01      0.13069              0.21743E-01
    14.515      0.64553E-01         0.20928E-01      0.13052              0.20928E-01
    14.984      0.64425E-01         0.20490E-01      0.13039              0.20490E-01
    15.452      0.64510E-01         0.20323E-01      0.13047              0.20323E-01
    15.920      0.64873E-01         0.20253E-01      0.13084              0.20253E-01
    16.388      0.65475E-01         0.20138E-01      0.13144              0.20138E-01
    16.856      0.66244E-01         0.19905E-01      0.13221              0.19905E-01
    17.325      0.67133E-01         0.19520E-01      0.13310              0.19520E-01
    17.793      0.68104E-01         0.18932E-01      0.13407              0.18932E-01
    18.261      0.69082E-01         0.18077E-01      0.13505              0.18077E-01
    18.729      0.69933E-01         0.16933E-01      0.13590              0.16933E-01
    19.198      0.70520E-01         0.15566E-01      0.13649              0.15566E-01
    19.666      0.70770E-01         0.14112E-01      0.13674              0.14112E-01
    20.134      0.70695E-01         0.12703E-01      0.13667              0.12703E-01
    20.602      0.70354E-01         0.11427E-01      0.13633              0.11427E-01
    21.071      0.69801E-01         0.10326E-01      0.13578              0.10326E-01
    21.539      0.69078E-01         0.94445E-02      0.13506              0.94445E-02
    22.007      0.68246E-01         0.88370E-02      0.13422              0.88370E-02
    22.475      0.67409E-01         0.85380E-02      0.13339              0.85380E-02
    22.943      0.66693E-01         0.85193E-02      0.13267              0.85193E-02
    23.412      0.66190E-01         0.86860E-02      0.13217              0.86860E-02
    23.880      0.65921E-01         0.89191E-02      0.13190              0.89190E-02
    24.348      0.65852E-01         0.91268E-02      0.13184              0.91268E-02
    24.816      0.65933E-01         0.92610E-02      0.13192              0.92610E-02
    25.285      0.66127E-01         0.92929E-02      0.13211              0.92929E-02
    25.753      0.66399E-01         0.91854E-02      0.13239              0.91853E-02
    26.221      0.66687E-01         0.88997E-02      0.13267              0.88997E-02
    26.689      0.66893E-01         0.84329E-02      0.13288              0.84329E-02
    27.158      0.66925E-01         0.78436E-02      0.13291              0.78436E-02
    27.626      0.66742E-01         0.72348E-02      0.13273              0.72347E-02
    28.094      0.66367E-01         0.67042E-02      0.13236              0.67042E-02
    28.562      0.65857E-01         0.63082E-02      0.13185              0.63081E-02
    29.031      0.65262E-01         0.60675E-02      0.13126              0.60674E-02
    29.499      0.64618E-01         0.59990E-02      0.13061              0.59990E-02
    29.967      0.63971E-01         0.61295E-02      0.12997              0.61294E-02
    30.435      0.63394E-01         0.64724E-02      0.12939              0.64724E-02
    30.903      0.62979E-01         0.69949E-02      0.12898              0.69948E-02
    31.372      0.62787E-01         0.76135E-02      0.12879              0.76135E-02
    31.840      0.62823E-01         0.82279E-02      0.12882              0.82279E-02
    32.308      0.63046E-01         0.87628E-02      0.12905              0.87627E-02
    32.776      0.63402E-01         0.91808E-02      0.12940              0.91808E-02
    33.245      0.63850E-01         0.94648E-02      0.12985              0.94647E-02
    33.713      0.64352E-01         0.95958E-02      0.13036              0.95957E-02
    34.181      0.64855E-01         0.95566E-02      0.13086              0.95565E-02
    34.649      0.65287E-01         0.93550E-02      0.13129              0.93550E-02
    35.118      0.65582E-01         0.90409E-02      0.13159              0.90408E-02
    35.586      0.65711E-01         0.86939E-02      0.13172              0.86938E-02
    36.054      0.65693E-01         0.83910E-02      0.13170              0.83910E-02
    36.522      0.65573E-01         0.81801E-02      0.13158              0.81800E-02
    36.991      0.65398E-01         0.80795E-02      0.13141              0.80794E-02
    37.459      0.65207E-01         0.80965E-02      0.13122              0.80965E-02
    37.927      0.65037E-01         0.82382E-02      0.13105              0.82382E-02
    38.395      0.64941E-01         0.85012E-02      0.13095              0.85012E-02
    38.863      0.64975E-01         0.88530E-02      0.13099              0.88530E-02
    39.332      0.65177E-01         0.92284E-02      0.13119              0.92284E-02
    39.800      0.65542E-01         0.95516E-02      0.13156              0.95515E-02
    40.268      0.66031E-01         0.97651E-02      0.13205              0.97651E-02
    40.736      0.66593E-01         0.98417E-02      0.13261              0.98417E-02
    41.205      0.67184E-01         0.97726E-02      0.13320              0.97726E-02
    41.673      0.67766E-01         0.95529E-02      0.13379              0.95529E-02
    42.141      0.68290E-01         0.91833E-02      0.13431              0.91833E-02
    42.609      0.68701E-01         0.86859E-02      0.13472              0.86859E-02
    43.078      0.68954E-01         0.81130E-02      0.13498              0.81130E-02
    43.546      0.69039E-01         0.75346E-02      0.13506              0.75345E-02
    44.014      0.68978E-01         0.70121E-02      0.13500              0.70121E-02
    44.482      0.68814E-01         0.65823E-02      0.13484              0.65823E-02
    44.951      0.68588E-01         0.62604E-02      0.13462              0.62603E-02
    45.419      0.68334E-01         0.60532E-02      0.13436              0.60532E-02
    45.887      0.68092E-01         0.59640E-02      0.13412              0.59640E-02
    46.355      0.67908E-01         0.59824E-02      0.13394              0.59823E-02
    46.823      0.67826E-01         0.60729E-02      0.13386              0.60728E-02
    47.292      0.67867E-01         0.61779E-02      0.13390              0.61778E-02
    47.760      0.68020E-01         0.62377E-02      0.13405              0.62376E-02
    48.228      0.68246E-01         0.62114E-02      0.13428              0.62114E-02
    48.696      0.68502E-01         0.60834E-02      0.13454              0.60834E-02
    49.165      0.68753E-01         0.58532E-02      0.13479              0.58532E-02
    49.633      0.68966E-01         0.55236E-02      0.13500              0.55236E-02
    50.101      0.69105E-01         0.51022E-02      0.13514              0.51022E-02
    50.569      0.69129E-01         0.46141E-02      0.13517              0.46141E-02
    51.038      0.69009E-01         0.41090E-02      0.13505              0.41089E-02
    51.506      0.68745E-01         0.36493E-02      0.13479              0.36493E-02
    51.974      0.68368E-01         0.32872E-02      0.13441              0.32871E-02
    52.442      0.67927E-01         0.30485E-02      0.13397              0.30484E-02
    52.910      0.67463E-01         0.29367E-02      0.13351              0.29367E-02
    53.379      0.67010E-01         0.29476E-02      0.13306              0.29476E-02
    53.847      0.66601E-01         0.30759E-02      0.13265              0.30759E-02
    54.315      0.66272E-01         0.33068E-02      0.13232              0.33067E-02
    54.783      0.66061E-01         0.36043E-02      0.13211              0.36043E-02
    55.252      0.65982E-01         0.39142E-02      0.13203              0.39141E-02
    55.720      0.66021E-01         0.41814E-02      0.13207              0.41813E-02
    56.188      0.66138E-01         0.43702E-02      0.13219              0.43701E-02
    56.656      0.66292E-01         0.44693E-02      0.13235              0.44692E-02
    57.125      0.66449E-01         0.44821E-02      0.13250              0.44820E-02
    57.593      0.66582E-01         0.44164E-02      0.13264              0.44163E-02
    58.061      0.66662E-01         0.42835E-02      0.13272              0.42834E-02
    58.529      0.66662E-01         0.41073E-02      0.13272              0.41073E-02
    58.998      0.66562E-01         0.39289E-02      0.13262              0.39289E-02
    59.466      0.66368E-01         0.37975E-02      0.13243              0.37975E-02
    59.934      0.66109E-01         0.37532E-02      0.13217              0.37531E-02
    60.402      0.65830E-01         0.38138E-02      0.13189              0.38138E-02
    60.870      0.65570E-01         0.39769E-02      0.13163              0.39768E-02
    61.339      0.65359E-01         0.42297E-02      0.13142              0.42297E-02
    61.807      0.65224E-01         0.45566E-02      0.13129              0.45566E-02
    62.275      0.65190E-01         0.49352E-02      0.13126              0.49351E-02
    62.743      0.65277E-01         0.53294E-02      0.13134              0.53293E-02
    63.212      0.65489E-01         0.56915E-02      0.13156              0.56914E-02
    63.680      0.65805E-01         0.59756E-02      0.13187              0.59755E-02
    64.148      0.66184E-01         0.61535E-02      0.13225              0.61534E-02
    64.616      0.66584E-01         0.62185E-02      0.13266              0.62185E-02
    65.085      0.66972E-01         0.61779E-02      0.13304              0.61779E-02
    65.553      0.67320E-01         0.60437E-02      0.13339              0.60437E-02
    66.021      0.67601E-01         0.58330E-02      0.13368              0.58329E-02
    66.489      0.67791E-01         0.55739E-02      0.13387              0.55738E-02
    66.958      0.67880E-01         0.53070E-02      0.13396              0.53069E-02
    67.426      0.67879E-01         0.50756E-02      0.13396              0.50756E-02
    67.894      0.67817E-01         0.49108E-02      0.13390              0.49107E-02
    68.362      0.67732E-01         0.48237E-02      0.13381              0.48236E-02
    68.830      0.67657E-01         0.48095E-02      0.13374              0.48094E-02
    69.299      0.67616E-01         0.48563E-02      0.13370              0.48562E-02
    69.767      0.67631E-01         0.49487E-02      0.13371              0.49486E-02
    70.235      0.67719E-01         0.50640E-02      0.13380              0.50639E-02
    70.703      0.67893E-01         0.51686E-02      0.13398              0.51685E-02
    71.172      0.68147E-01         0.52222E-02      0.13423              0.52221E-02
    71.640      0.68454E-01         0.51908E-02      0.13454              0.51907E-02
    72.108      0.68774E-01         0.50583E-02      0.13486              0.50582E-02
    72.576      0.69069E-01         0.48285E-02      0.13516              0.48284E-02
    73.045      0.69312E-01         0.45163E-02      0.13540              0.45162E-02
    73.513      0.69479E-01         0.41400E-02      0.13557              0.41399E-02
    73.981      0.69554E-01         0.37208E-02      0.13565              0.37207E-02
    74.449      0.69520E-01         0.32888E-02      0.13561              0.32887E-02
    74.918      0.69375E-01         0.28841E-02      0.13547              0.28840E-02
    75.386      0.69136E-01         0.25474E-02      0.13523              0.25474E-02
    75.854      0.68838E-01         0.23053E-02      0.13493              0.23052E-02
    76.322      0.68522E-01         0.21633E-02      0.13462              0.21632E-02
    76.790      0.68220E-01         0.21115E-02      0.13432              0.21114E-02
    77.259      0.67954E-01         0.21343E-02      0.13405              0.21342E-02
    77.727      0.67742E-01         0.22154E-02      0.13384              0.22153E-02
    78.195      0.67600E-01         0.23330E-02      0.13370              0.23329E-02
    78.663      0.67536E-01         0.24562E-02      0.13364              0.24561E-02
    79.132      0.67544E-01         0.25490E-02      0.13365              0.25489E-02
    79.600      0.67597E-01         0.25829E-02      0.13370              0.25828E-02
    80.068      0.67661E-01         0.25470E-02      0.13377              0.25469E-02
    80.536      0.67703E-01         0.24483E-02      0.13381              0.24482E-02
    81.005      0.67700E-01         0.23043E-02      0.13381              0.23042E-02
    81.473      0.67638E-01         0.21345E-02      0.13375              0.21344E-02
    81.941      0.67508E-01         0.19600E-02      0.13362              0.19599E-02
    82.409      0.67304E-01         0.18067E-02      0.13341              0.18066E-02
    82.877      0.67032E-01         0.17063E-02      0.13314              0.17062E-02
    83.346      0.66714E-01         0.16884E-02      0.13283              0.16883E-02
    83.814      0.66383E-01         0.17699E-02      0.13250              0.17698E-02
    84.282      0.66080E-01         0.19489E-02      0.13219              0.19488E-02
    84.750      0.65833E-01         0.22088E-02      0.13195              0.22087E-02
    85.219      0.65663E-01         0.25267E-02      0.13178              0.25266E-02
    85.687      0.65582E-01         0.28792E-02      0.13170              0.28791E-02
    86.155      0.65597E-01         0.32400E-02      0.13172              0.32399E-02
    86.623      0.65709E-01         0.35777E-02      0.13183              0.35776E-02
    87.092      0.65905E-01         0.38595E-02      0.13203              0.38593E-02
    87.560      0.66155E-01         0.40609E-02      0.13228              0.40608E-02
    88.028      0.66425E-01         0.41742E-02      0.13255              0.41741E-02
    88.496      0.66683E-01         0.42077E-02      0.13281              0.42076E-02
    88.965      0.66906E-01         0.41782E-02      0.13303              0.41780E-02
    89.433      0.67082E-01         0.41045E-02      0.13321              0.41044E-02
    89.901      0.67201E-01         0.40075E-02      0.13333              0.40074E-02
    90.369      0.67258E-01         0.39122E-02      0.13339              0.39121E-02
    90.837      0.67263E-01         0.38465E-02      0.13339              0.38464E-02
    91.306      0.67237E-01         0.38326E-02      0.13337              0.38325E-02
    91.774      0.67210E-01         0.38793E-02      0.13334              0.38792E-02
    92.242      0.67213E-01         0.39795E-02      0.13334              0.39794E-02
    92.710      0.67265E-01         0.41153E-02      0.13340              0.41152E-02
    93.179      0.67379E-01         0.42656E-02      0.13351              0.42655E-02
    93.647      0.67560E-01         0.44087E-02      0.13369              0.44085E-02
    94.115      0.67808E-01         0.45203E-02      0.13394              0.45202E-02
    94.583      0.68115E-01         0.45737E-02      0.13425              0.45736E-02
    95.052      0.68461E-01         0.45441E-02      0.13460              0.45440E-02
    95.520      0.68811E-01         0.44179E-02      0.13495              0.44178E-02
    95.988      0.69130E-01         0.41979E-02      0.13527              0.41978E-02
    96.456      0.69391E-01         0.39017E-02      0.13553              0.39016E-02
    96.925      0.69575E-01         0.35528E-02      0.13572              0.35527E-02
    97.393      0.69673E-01         0.31748E-02      0.13582              0.31747E-02
    97.861      0.69680E-01         0.27919E-02      0.13582              0.27918E-02
    98.329      0.69599E-01         0.24314E-02      0.13574              0.24313E-02
    98.797      0.69441E-01         0.21221E-02      0.13559              0.21220E-02
    99.266      0.69232E-01         0.18862E-02      0.13538              0.18861E-02
    99.734      0.69006E-01         0.17307E-02      0.13515              0.17306E-02
    100.20      0.68792E-01         0.16465E-02      0.13494              0.16464E-02
    100.67      0.68611E-01         0.16153E-02      0.13476              0.16151E-02
    101.14      0.68470E-01         0.16175E-02      0.13462              0.16174E-02
    101.61      0.68375E-01         0.16350E-02      0.13453              0.16349E-02
    102.08      0.68326E-01         0.16485E-02      0.13448              0.16483E-02
    102.54      0.68315E-01         0.16360E-02      0.13447              0.16359E-02
    103.01      0.68326E-01         0.15790E-02      0.13448              0.15789E-02
    103.48      0.68329E-01         0.14696E-02      0.13449              0.14694E-02
    103.95      0.68297E-01         0.13155E-02      0.13445              0.13154E-02
    104.42      0.68209E-01         0.11367E-02      0.13437              0.11365E-02
    104.88      0.68058E-01         0.95719E-03      0.13422              0.95705E-03
    105.35      0.67844E-01         0.79967E-03      0.13400              0.79954E-03
    105.82      0.67573E-01         0.68482E-03      0.13373              0.68468E-03
    106.29      0.67256E-01         0.63323E-03      0.13342              0.63310E-03
    106.76      0.66911E-01         0.66412E-03      0.13307              0.66399E-03
    107.23      0.66568E-01         0.78898E-03      0.13273              0.78885E-03
    107.69      0.66261E-01         0.10051E-02      0.13243              0.10049E-02
    108.16      0.66019E-01         0.12949E-02      0.13219              0.12948E-02
    108.63      0.65858E-01         0.16328E-02      0.13203              0.16327E-02
    109.10      0.65786E-01         0.19923E-02      0.13195              0.19921E-02
    109.57      0.65802E-01         0.23490E-02      0.13197              0.23488E-02
    110.04      0.65901E-01         0.26793E-02      0.13207              0.26792E-02
    110.50      0.66070E-01         0.29599E-02      0.13224              0.29598E-02
    110.97      0.66286E-01         0.31723E-02      0.13246              0.31721E-02
    111.44      0.66521E-01         0.33096E-02      0.13269              0.33095E-02
    111.91      0.66746E-01         0.33793E-02      0.13292              0.33792E-02
    112.38      0.66942E-01         0.33986E-02      0.13312              0.33984E-02
    112.84      0.67100E-01         0.33872E-02      0.13328              0.33870E-02
    113.31      0.67220E-01         0.33634E-02      0.13340              0.33633E-02
    113.78      0.67303E-01         0.33444E-02      0.13348              0.33443E-02
    114.25      0.67357E-01         0.33473E-02      0.13354              0.33471E-02
    114.72      0.67401E-01         0.33854E-02      0.13358              0.33852E-02
    115.19      0.67457E-01         0.34631E-02      0.13364              0.34629E-02
    115.65      0.67549E-01         0.35716E-02      0.13373              0.35715E-02
    116.12      0.67693E-01         0.36917E-02      0.13388              0.36916E-02
    116.59      0.67894E-01         0.38001E-02      0.13408              0.38000E-02
    117.06      0.68150E-01         0.38750E-02      0.13434              0.38749E-02
    117.53      0.68450E-01         0.38976E-02      0.13464              0.38974E-02
    118.00      0.68781E-01         0.38509E-02      0.13497              0.38507E-02
    118.46      0.69121E-01         0.37207E-02      0.13531              0.37206E-02
    118.93      0.69443E-01         0.35007E-02      0.13563              0.35006E-02
    119.40      0.69715E-01         0.31974E-02      0.13591              0.31973E-02
    119.87      0.69911E-01         0.28308E-02      0.13610              0.28306E-02
    120.34      0.70016E-01         0.24282E-02      0.13621              0.24281E-02
    120.80      0.70029E-01         0.20171E-02      0.13622              0.20169E-02
    121.27      0.69951E-01         0.16215E-02      0.13615              0.16213E-02
    121.74      0.69791E-01         0.12637E-02      0.13599              0.12636E-02
    122.21      0.69564E-01         0.96513E-03      0.13576              0.96498E-03
    122.68      0.69293E-01         0.74246E-03      0.13549              0.74231E-03
    123.15      0.69006E-01         0.60133E-03      0.13521              0.60117E-03
    123.61      0.68731E-01         0.53345E-03      0.13493              0.53330E-03
    124.08      0.68487E-01         0.52076E-03      0.13469              0.52061E-03
    124.55      0.68282E-01         0.54315E-03      0.13448              0.54299E-03
    125.02      0.68115E-01         0.58350E-03      0.13432              0.58334E-03
    125.49      0.67984E-01         0.62744E-03      0.13419              0.62728E-03
    125.96      0.67880E-01         0.66140E-03      0.13409              0.66124E-03
    126.42      0.67791E-01         0.67412E-03      0.13400              0.67396E-03
    126.89      0.67699E-01         0.66157E-03      0.13391              0.66141E-03
    127.36      0.67581E-01         0.63116E-03      0.13379              0.63100E-03
    127.83      0.67426E-01         0.60083E-03      0.13364              0.60067E-03
    128.30      0.67232E-01         0.59267E-03      0.13344              0.59251E-03
    128.76      0.67005E-01         0.62601E-03      0.13322              0.62585E-03
    129.23      0.66760E-01         0.71471E-03      0.13297              0.71455E-03
    129.70      0.66514E-01         0.86837E-03      0.13273              0.86821E-03
    130.17      0.66284E-01         0.10932E-02      0.13250              0.10931E-02
    130.64      0.66098E-01         0.13895E-02      0.13231              0.13893E-02
    131.11      0.65979E-01         0.17466E-02      0.13220              0.17464E-02
    131.57      0.65952E-01         0.21418E-02      0.13217              0.21417E-02
    132.04      0.66025E-01         0.25449E-02      0.13224              0.25448E-02
    132.51      0.66198E-01         0.29255E-02      0.13242              0.29253E-02
    132.98      0.66458E-01         0.32579E-02      0.13268              0.32578E-02
    133.45      0.66790E-01         0.35216E-02      0.13301              0.35214E-02
    133.92      0.67174E-01         0.36993E-02      0.13340              0.36992E-02
    134.38      0.67585E-01         0.37796E-02      0.13381              0.37795E-02
    134.85      0.67991E-01         0.37606E-02      0.13422              0.37604E-02
    135.32      0.68364E-01         0.36525E-02      0.13459              0.36523E-02
    135.79      0.68684E-01         0.34753E-02      0.13491              0.34752E-02
    136.26      0.68940E-01         0.32522E-02      0.13517              0.32520E-02
    136.72      0.69130E-01         0.30043E-02      0.13536              0.30041E-02
    137.19      0.69259E-01         0.27501E-02      0.13549              0.27499E-02
    137.66      0.69333E-01         0.25056E-02      0.13556              0.25054E-02
    138.13      0.69365E-01         0.22834E-02      0.13560              0.22833E-02
    138.60      0.69372E-01         0.20899E-02      0.13561              0.20897E-02
    139.07      0.69372E-01         0.19218E-02      0.13561              0.19216E-02
    139.53      0.69376E-01         0.17675E-02      0.13561              0.17674E-02
    140.00      0.69386E-01         0.16124E-02      0.13562              0.16122E-02
    140.47      0.69398E-01         0.14441E-02      0.13564              0.14439E-02
    140.94      0.69401E-01         0.12554E-02      0.13564              0.12553E-02
    141.41      0.69384E-01         0.10435E-02      0.13562              0.10433E-02
    141.88      0.69334E-01         0.80838E-03      0.13557              0.80820E-03
    142.34      0.69236E-01         0.55557E-03      0.13548              0.55540E-03
    142.81      0.69073E-01         0.29920E-03      0.13532              0.29902E-03
    143.28      0.68837E-01         0.62742E-04      0.13508              0.62565E-04
    143.75      0.68530E-01        -0.12612E-03      0.13477             -0.12630E-03
    144.22      0.68166E-01        -0.24291E-03      0.13441             -0.24309E-03
    144.68      0.67767E-01        -0.27050E-03      0.13401             -0.27068E-03
    145.15      0.67357E-01        -0.19859E-03      0.13360             -0.19877E-03
    145.62      0.66961E-01        -0.22091E-04      0.13321             -0.22270E-04
    146.09      0.66612E-01         0.25749E-03      0.13286              0.25731E-03
    146.56      0.66339E-01         0.62777E-03      0.13259              0.62759E-03
    147.03      0.66170E-01         0.10635E-02      0.13242              0.10633E-02
    147.49      0.66122E-01         0.15303E-02      0.13237              0.15301E-02
    147.96      0.66195E-01         0.19920E-02      0.13245              0.19918E-02
    148.43      0.66381E-01         0.24167E-02      0.13264              0.24165E-02
    148.90      0.66664E-01         0.27783E-02      0.13292              0.27781E-02
    149.37      0.67024E-01         0.30553E-02      0.13328              0.30551E-02
    149.84      0.67435E-01         0.32307E-02      0.13369              0.32306E-02
    150.30      0.67867E-01         0.32958E-02      0.13413              0.32956E-02
    150.77      0.68285E-01         0.32534E-02      0.13455              0.32532E-02
    151.24      0.68664E-01         0.31188E-02      0.13492              0.31186E-02
    151.71      0.68983E-01         0.29135E-02      0.13525              0.29134E-02
    152.18      0.69237E-01         0.26594E-02      0.13550              0.26592E-02
    152.64      0.69423E-01         0.23746E-02      0.13569              0.23744E-02
    153.11      0.69542E-01         0.20750E-02      0.13581              0.20748E-02
    153.58      0.69597E-01         0.17757E-02      0.13586              0.17755E-02
    154.05      0.69596E-01         0.14905E-02      0.13586              0.14903E-02
    154.52      0.69551E-01         0.12269E-02      0.13582              0.12267E-02
    154.99      0.69473E-01         0.98494E-03      0.13574              0.98475E-03
    155.45      0.69367E-01         0.76069E-03      0.13564              0.76050E-03
    155.92      0.69230E-01         0.55209E-03      0.13550              0.55190E-03
    156.39      0.69059E-01         0.36267E-03      0.13533              0.36248E-03
    156.86      0.68851E-01         0.20022E-03      0.13512              0.20003E-03
    157.33      0.68609E-01         0.73554E-04      0.13488              0.73363E-04
    157.79      0.68334E-01        -0.80777E-05      0.13461             -0.82690E-05
    158.26      0.68031E-01        -0.32978E-04      0.13431             -0.33169E-04
    158.73      0.67710E-01         0.13341E-04      0.13399              0.13149E-04
    159.20      0.67390E-01         0.14460E-03      0.13367              0.14440E-03
    159.67      0.67097E-01         0.36779E-03      0.13338              0.36760E-03
    160.14      0.66862E-01         0.67859E-03      0.13314              0.67840E-03
    160.60      0.66714E-01         0.10608E-02      0.13300              0.10606E-02
    161.07      0.66677E-01         0.14894E-02      0.13296              0.14892E-02
    161.54      0.66765E-01         0.19325E-02      0.13305              0.19323E-02
    162.01      0.66988E-01         0.23520E-02      0.13327              0.23518E-02
    162.48      0.67340E-01         0.27047E-02      0.13363              0.27045E-02
    162.95      0.67802E-01         0.29464E-02      0.13409              0.29462E-02
    163.41      0.68336E-01         0.30402E-02      0.13462              0.30400E-02
    163.88      0.68891E-01         0.29640E-02      0.13518              0.29638E-02
    164.35      0.69410E-01         0.27145E-02      0.13570              0.27143E-02
    164.82      0.69838E-01         0.23070E-02      0.13613              0.23068E-02
    165.29      0.70124E-01         0.17738E-02      0.13642              0.17736E-02
    165.75      0.70228E-01         0.11639E-02      0.13652              0.11637E-02
    166.22      0.70127E-01         0.54147E-03      0.13642              0.54127E-03
    166.69      0.69820E-01        -0.19833E-04      0.13611             -0.20033E-04
    167.16      0.69335E-01        -0.44765E-03      0.13563             -0.44785E-03
    167.63      0.68729E-01        -0.68381E-03      0.13503             -0.68401E-03
    168.10      0.68076E-01        -0.69347E-03      0.13437             -0.69367E-03
    168.56      0.67456E-01        -0.46850E-03      0.13376             -0.46870E-03
    169.03      0.66954E-01        -0.28878E-04      0.13325             -0.29081E-04
    169.50      0.66647E-01         0.57516E-03      0.13295              0.57495E-03
    169.97      0.66591E-01         0.12630E-02      0.13289              0.12628E-02
    170.44      0.66811E-01         0.19305E-02      0.13311              0.19303E-02
    170.91      0.67284E-01         0.24662E-02      0.13359              0.24660E-02
    171.37      0.67941E-01         0.27742E-02      0.13425              0.27740E-02
    171.84      0.68676E-01         0.27938E-02      0.13498              0.27936E-02
    172.31      0.69365E-01         0.25109E-02      0.13567              0.25107E-02
    172.78      0.69883E-01         0.19633E-02      0.13619              0.19631E-02
    173.25      0.70124E-01         0.12420E-02      0.13643              0.12418E-02
    173.71      0.70028E-01         0.48460E-03      0.13634              0.48440E-03
    174.18      0.69603E-01        -0.14602E-03      0.13591             -0.14623E-03
    174.65      0.68940E-01        -0.49962E-03      0.13525             -0.49982E-03
    175.12      0.68204E-01        -0.48517E-03      0.13452             -0.48538E-03
    175.59      0.67595E-01        -0.10936E-03      0.13391             -0.10957E-03
    176.06      0.67289E-01         0.51144E-03      0.13360              0.51123E-03
    176.52      0.67373E-01         0.11750E-02      0.13369              0.11748E-02
    176.99      0.67807E-01         0.16529E-02      0.13412              0.16527E-02
    177.46      0.68416E-01         0.17731E-02      0.13474              0.17729E-02
    177.93      0.68945E-01         0.15013E-02      0.13527              0.15011E-02
    178.40      0.69158E-01         0.98002E-03      0.13548              0.97981E-03
    178.87      0.68964E-01         0.49012E-03      0.13529              0.48991E-03
    179.33      0.68502E-01         0.31664E-03      0.13483              0.31642E-03
    179.80      0.68094E-01         0.56778E-03      0.13442              0.56756E-03
    180.27      0.68061E-01         0.10636E-02      0.13439              0.10634E-02
    180.74      0.68474E-01         0.14169E-02      0.13480              0.14167E-02
    181.21      0.69056E-01         0.13147E-02      0.13538              0.13145E-02
    181.67      0.69375E-01         0.80333E-03      0.13570              0.80312E-03
    182.14      0.69235E-01         0.26692E-03      0.13557              0.26671E-03
    182.61      0.68854E-01         0.48845E-04      0.13518              0.48629E-04
    183.08      0.68587E-01         0.12104E-03      0.13492              0.12083E-03
    183.55      0.68530E-01         0.20776E-03      0.13486              0.20754E-03
    184.02      0.68506E-01         0.17199E-03      0.13484              0.17177E-03
    184.48      0.68380E-01         0.12854E-03      0.13472              0.12832E-03
    184.95      0.68233E-01         0.20254E-03      0.13457              0.20232E-03
    185.42      0.68187E-01         0.35539E-03      0.13452              0.35517E-03
    185.89      0.68252E-01         0.48265E-03      0.13459              0.48243E-03
    186.36      0.68374E-01         0.54286E-03      0.13471              0.54264E-03
    186.83      0.68525E-01         0.53605E-03      0.13486              0.53583E-03
    187.29      0.68686E-01         0.44757E-03      0.13503              0.44735E-03
    187.76      0.68816E-01         0.26511E-03      0.13516              0.26489E-03
    188.23      0.68864E-01         0.97660E-05      0.13521              0.95435E-05
    188.70      0.68804E-01        -0.27270E-03      0.13515             -0.27292E-03
    189.17      0.68632E-01        -0.53215E-03      0.13498             -0.53238E-03
    189.63      0.68370E-01        -0.72456E-03      0.13472             -0.72478E-03
    190.10      0.68053E-01        -0.82021E-03      0.13440             -0.82044E-03
    190.57      0.67723E-01        -0.80891E-03      0.13407             -0.80913E-03
    191.04      0.67421E-01        -0.69799E-03      0.13377             -0.69821E-03
    191.51      0.67177E-01        -0.50744E-03      0.13353             -0.50766E-03
    191.98      0.67014E-01        -0.26504E-03      0.13337             -0.26527E-03
    192.44      0.66941E-01        -0.34997E-05      0.13329             -0.37272E-05
    192.91      0.66959E-01         0.24047E-03      0.13331              0.24024E-03
    193.38      0.67048E-01         0.43165E-03      0.13340              0.43142E-03
    193.85      0.67175E-01         0.54799E-03      0.13353              0.54776E-03
    194.32      0.67300E-01         0.58855E-03      0.13366              0.58832E-03
    194.79      0.67392E-01         0.57046E-03      0.13375              0.57023E-03
    195.25      0.67434E-01         0.51903E-03      0.13379              0.51880E-03
    195.72      0.67419E-01         0.46064E-03      0.13378              0.46040E-03
    196.19      0.67350E-01         0.42382E-03      0.13371              0.42358E-03
    196.66      0.67242E-01         0.44035E-03      0.13360              0.44012E-03
    197.13      0.67138E-01         0.53002E-03      0.13350              0.52978E-03
    197.59      0.67089E-01         0.67638E-03      0.13345              0.67614E-03
    198.06      0.67118E-01         0.82742E-03      0.13348              0.82719E-03
    198.53      0.67204E-01         0.93198E-03      0.13357              0.93174E-03
    199.00      0.67297E-01         0.97565E-03      0.13366              0.97541E-03
    199.47      0.67365E-01         0.98012E-03      0.13373              0.97988E-03
    199.94      0.67400E-01         0.97545E-03      0.13377              0.97521E-03
    200.40      0.67415E-01         0.97929E-03      0.13379              0.97906E-03
    200.87      0.67423E-01         0.99603E-03      0.13379              0.99579E-03
    201.34      0.67434E-01         0.10236E-02      0.13381              0.10233E-02
    201.81      0.67452E-01         0.10573E-02      0.13383              0.10571E-02
    202.28      0.67480E-01         0.10916E-02      0.13385              0.10913E-02
    202.75      0.67517E-01         0.11212E-02      0.13389              0.11209E-02
    203.21      0.67563E-01         0.11414E-02      0.13394              0.11412E-02
    203.68      0.67612E-01         0.11484E-02      0.13399              0.11482E-02
    204.15      0.67658E-01         0.11406E-02      0.13404              0.11403E-02
    204.62      0.67695E-01         0.11194E-02      0.13407              0.11191E-02
    205.09      0.67717E-01         0.10898E-02      0.13410              0.10895E-02
    205.55      0.67722E-01         0.10587E-02      0.13410              0.10584E-02
    206.02      0.67711E-01         0.10338E-02      0.13409              0.10335E-02
    206.49      0.67688E-01         0.10210E-02      0.13407              0.10208E-02
    206.96      0.67659E-01         0.10235E-02      0.13404              0.10233E-02
    207.43      0.67631E-01         0.10420E-02      0.13402              0.10417E-02
    207.90      0.67608E-01         0.10754E-02      0.13399              0.10752E-02
    208.36      0.67597E-01         0.11211E-02      0.13398              0.11208E-02
    208.83      0.67602E-01         0.11740E-02      0.13399              0.11738E-02
    209.30      0.67626E-01         0.12270E-02      0.13402              0.12267E-02
    209.77      0.67667E-01         0.12721E-02      0.13406              0.12718E-02
    210.24      0.67720E-01         0.13032E-02      0.13411              0.13030E-02
    210.71      0.67781E-01         0.13172E-02      0.13417              0.13170E-02
    211.17      0.67841E-01         0.13127E-02      0.13424              0.13124E-02
    211.64      0.67896E-01         0.12898E-02      0.13429              0.12895E-02
    212.11      0.67938E-01         0.12513E-02      0.13433              0.12510E-02
    212.58      0.67960E-01         0.12031E-02      0.13436              0.12028E-02
    213.05      0.67962E-01         0.11533E-02      0.13436              0.11530E-02
    213.51      0.67943E-01         0.11104E-02      0.13434              0.11101E-02
    213.98      0.67908E-01         0.10814E-02      0.13431              0.10811E-02
    214.45      0.67863E-01         0.10714E-02      0.13426              0.10711E-02
    214.92      0.67816E-01         0.10832E-02      0.13422              0.10829E-02
    215.39      0.67775E-01         0.11168E-02      0.13418              0.11166E-02
    215.86      0.67749E-01         0.11683E-02      0.13415              0.11680E-02
    216.32      0.67745E-01         0.12297E-02      0.13415              0.12295E-02
    216.79      0.67764E-01         0.12913E-02      0.13417              0.12911E-02
    217.26      0.67804E-01         0.13440E-02      0.13421              0.13437E-02
    217.73      0.67858E-01         0.13813E-02      0.13427              0.13810E-02
    218.20      0.67922E-01         0.14000E-02      0.13433              0.13997E-02
    218.67      0.67987E-01         0.13979E-02      0.13440              0.13976E-02
    219.13      0.68048E-01         0.13745E-02      0.13446              0.13743E-02
    219.60      0.68094E-01         0.13328E-02      0.13451              0.13325E-02
    220.07      0.68120E-01         0.12796E-02      0.13453              0.12794E-02
    220.54      0.68124E-01         0.12244E-02      0.13454              0.12241E-02
    221.01      0.68105E-01         0.11758E-02      0.13452              0.11755E-02
    221.47      0.68070E-01         0.11410E-02      0.13449              0.11407E-02
    221.94      0.68023E-01         0.11248E-02      0.13444              0.11246E-02
    222.41      0.67973E-01         0.11302E-02      0.13439              0.11299E-02
    222.88      0.67926E-01         0.11574E-02      0.13435              0.11571E-02
    223.35      0.67892E-01         0.12040E-02      0.13431              0.12037E-02
    223.82      0.67878E-01         0.12640E-02      0.13430              0.12637E-02
    224.28      0.67887E-01         0.13287E-02      0.13431              0.13285E-02
    224.75      0.67920E-01         0.13882E-02      0.13434              0.13879E-02
    225.22      0.67972E-01         0.14336E-02      0.13440              0.14333E-02
    225.69      0.68035E-01         0.14594E-02      0.13446              0.14591E-02
    226.16      0.68103E-01         0.14629E-02      0.13453              0.14627E-02
    226.63      0.68167E-01         0.14446E-02      0.13460              0.14443E-02
    227.09      0.68219E-01         0.14069E-02      0.13465              0.14066E-02
    227.56      0.68253E-01         0.13548E-02      0.13468              0.13546E-02
    228.03      0.68264E-01         0.12963E-02      0.13470              0.12960E-02
    228.50      0.68250E-01         0.12413E-02      0.13468              0.12410E-02
    228.97      0.68215E-01         0.11996E-02      0.13465              0.11993E-02
    229.43      0.68167E-01         0.11780E-02      0.13460              0.11777E-02
    229.90      0.68114E-01         0.11792E-02      0.13455              0.11790E-02
    230.37      0.68065E-01         0.12028E-02      0.13450              0.12025E-02
    230.84      0.68026E-01         0.12463E-02      0.13446              0.12460E-02
    231.31      0.68006E-01         0.13050E-02      0.13444              0.13047E-02
    231.78      0.68009E-01         0.13714E-02      0.13445              0.13711E-02
    232.24      0.68037E-01         0.14356E-02      0.13448              0.14353E-02
    232.71      0.68087E-01         0.14873E-02      0.13453              0.14870E-02
    233.18      0.68151E-01         0.15190E-02      0.13459              0.15187E-02
    233.65      0.68222E-01         0.15274E-02      0.13467              0.15271E-02
    234.12      0.68290E-01         0.15125E-02      0.13474              0.15122E-02
    234.59      0.68347E-01         0.14770E-02      0.13479              0.14767E-02
    235.05      0.68387E-01         0.14259E-02      0.13483              0.14256E-02
    235.52      0.68404E-01         0.13666E-02      0.13485              0.13663E-02
    235.99      0.68397E-01         0.13081E-02      0.13485              0.13078E-02
    236.46      0.68368E-01         0.12600E-02      0.13482              0.12597E-02
    236.93      0.68322E-01         0.12303E-02      0.13477              0.12300E-02
    237.39      0.68268E-01         0.12237E-02      0.13472              0.12234E-02
    237.86      0.68216E-01         0.12411E-02      0.13467              0.12407E-02
    238.33      0.68173E-01         0.12800E-02      0.13463              0.12797E-02
    238.80      0.68148E-01         0.13353E-02      0.13460              0.13350E-02
    239.27      0.68146E-01         0.13995E-02      0.13460              0.13992E-02
    239.74      0.68167E-01         0.14633E-02      0.13462              0.14630E-02
    240.20      0.68211E-01         0.15173E-02      0.13467              0.15170E-02
    240.67      0.68272E-01         0.15536E-02      0.13473              0.15533E-02
    241.14      0.68342E-01         0.15674E-02      0.13480              0.15671E-02
    241.61      0.68411E-01         0.15571E-02      0.13487              0.15568E-02
    242.08      0.68472E-01         0.15242E-02      0.13493              0.15239E-02
    242.55      0.68515E-01         0.14736E-02      0.13498              0.14732E-02
    243.01      0.68535E-01         0.14133E-02      0.13500              0.14130E-02
    243.48      0.68530E-01         0.13534E-02      0.13500              0.13530E-02
    243.95      0.68503E-01         0.13030E-02      0.13497              0.13027E-02
    244.42      0.68459E-01         0.12693E-02      0.13493              0.12690E-02
    244.89      0.68405E-01         0.12575E-02      0.13487              0.12572E-02
    245.35      0.68349E-01         0.12700E-02      0.13482              0.12697E-02
    245.82      0.68302E-01         0.13061E-02      0.13477              0.13058E-02
    246.29      0.68271E-01         0.13611E-02      0.13474              0.13608E-02
    246.76      0.68264E-01         0.14269E-02      0.13474              0.14266E-02
    247.23      0.68282E-01         0.14928E-02      0.13476              0.14925E-02
    247.70      0.68322E-01         0.15494E-02      0.13480              0.15490E-02
    248.16      0.68379E-01         0.15898E-02      0.13486              0.15895E-02
    248.63      0.68447E-01         0.16096E-02      0.13492              0.16092E-02
    249.10      0.68517E-01         0.16057E-02      0.13500              0.16053E-02
    249.57      0.68581E-01         0.15786E-02      0.13506              0.15782E-02
    250.04      0.68629E-01         0.15319E-02      0.13511              0.15316E-02
    250.51      0.68655E-01         0.14727E-02      0.13514              0.14723E-02
    250.97      0.68654E-01         0.14114E-02      0.13514              0.14111E-02
    251.44      0.68630E-01         0.13596E-02      0.13511              0.13593E-02
    251.91      0.68588E-01         0.13250E-02      0.13507              0.13246E-02
    252.38      0.68537E-01         0.13107E-02      0.13502              0.13103E-02
    252.85      0.68483E-01         0.13188E-02      0.13497              0.13185E-02
    253.31      0.68435E-01         0.13504E-02      0.13492              0.13501E-02
    253.78      0.68401E-01         0.14025E-02      0.13489              0.14021E-02
    254.25      0.68389E-01         0.14673E-02      0.13488              0.14670E-02
    254.72      0.68403E-01         0.15351E-02      0.13489              0.15348E-02
    255.19      0.68442E-01         0.15952E-02      0.13493              0.15949E-02
    255.66      0.68500E-01         0.16382E-02      0.13499              0.16379E-02
    256.12      0.68568E-01         0.16592E-02      0.13506              0.16589E-02
    256.59      0.68637E-01         0.16579E-02      0.13513              0.16576E-02
    257.06      0.68702E-01         0.16349E-02      0.13520              0.16345E-02
    257.53      0.68755E-01         0.15912E-02      0.13525              0.15908E-02
    258.00      0.68785E-01         0.15325E-02      0.13528              0.15322E-02
    258.47      0.68789E-01         0.14702E-02      0.13529              0.14698E-02
    258.93      0.68769E-01         0.14155E-02      0.13527              0.14151E-02
    259.40      0.68729E-01         0.13765E-02      0.13523              0.13761E-02
    259.87      0.68677E-01         0.13590E-02      0.13518              0.13587E-02
    260.34      0.68623E-01         0.13661E-02      0.13513              0.13657E-02
    260.81      0.68575E-01         0.13956E-02      0.13508              0.13952E-02
    261.27      0.68541E-01         0.14428E-02      0.13505              0.14425E-02
    261.74      0.68526E-01         0.15036E-02      0.13503              0.15032E-02
    262.21      0.68534E-01         0.15713E-02      0.13504              0.15709E-02
    262.68      0.68569E-01         0.16341E-02      0.13508              0.16338E-02
    263.15      0.68626E-01         0.16800E-02      0.13514              0.16797E-02
    263.62      0.68693E-01         0.17035E-02      0.13520              0.17032E-02
    264.08      0.68763E-01         0.17046E-02      0.13527              0.17042E-02
    264.55      0.68829E-01         0.16832E-02      0.13534              0.16829E-02
    265.02      0.68881E-01         0.16409E-02      0.13540              0.16406E-02
    265.49      0.68913E-01         0.15848E-02      0.13543              0.15844E-02
    265.96      0.68920E-01         0.15254E-02      0.13544              0.15250E-02
    266.43      0.68905E-01         0.14711E-02      0.13542              0.14708E-02
    266.89      0.68870E-01         0.14284E-02      0.13539              0.14280E-02
    267.36      0.68818E-01         0.14055E-02      0.13534              0.14052E-02
    267.83      0.68761E-01         0.14095E-02      0.13528              0.14091E-02
    268.30      0.68712E-01         0.14390E-02      0.13523              0.14386E-02
    268.77      0.68678E-01         0.14864E-02      0.13520              0.14861E-02
    269.23      0.68662E-01         0.15454E-02      0.13519              0.15450E-02
    269.70      0.68668E-01         0.16110E-02      0.13519              0.16106E-02
    270.17      0.68700E-01         0.16742E-02      0.13523              0.16738E-02
    270.64      0.68754E-01         0.17226E-02      0.13528              0.17223E-02
    271.11      0.68821E-01         0.17488E-02      0.13535              0.17484E-02
    271.58      0.68892E-01         0.17522E-02      0.13542              0.17518E-02
    272.04      0.68959E-01         0.17333E-02      0.13549              0.17330E-02
    272.51      0.69015E-01         0.16921E-02      0.13555              0.16917E-02
    272.98      0.69049E-01         0.16341E-02      0.13558              0.16337E-02
    273.45      0.69055E-01         0.15727E-02      0.13559              0.15723E-02
    273.92      0.69039E-01         0.15198E-02      0.13557              0.15194E-02
    274.39      0.69006E-01         0.14794E-02      0.13554              0.14790E-02
    274.85      0.68960E-01         0.14539E-02      0.13550              0.14535E-02
    275.32      0.68903E-01         0.14510E-02      0.13544              0.14506E-02
    275.79      0.68848E-01         0.14774E-02      0.13539              0.14770E-02
    276.26      0.68811E-01         0.15279E-02      0.13535              0.15276E-02
    276.73      0.68797E-01         0.15890E-02      0.13534              0.15886E-02
    277.19      0.68805E-01         0.16510E-02      0.13535              0.16506E-02
    277.66      0.68832E-01         0.17104E-02      0.13537              0.17101E-02
    278.13      0.68880E-01         0.17613E-02      0.13542              0.17610E-02
    278.60      0.68946E-01         0.17928E-02      0.13549              0.17925E-02
    279.07      0.69018E-01         0.17977E-02      0.13556              0.17974E-02
    279.54      0.69084E-01         0.17781E-02      0.13563              0.17778E-02
    280.00      0.69136E-01         0.17403E-02      0.13568              0.17399E-02
    280.47      0.69172E-01         0.16885E-02      0.13572              0.16881E-02
    280.94      0.69184E-01         0.16284E-02      0.13573              0.16280E-02
    281.41      0.69169E-01         0.15717E-02      0.13572              0.15714E-02
    281.88      0.69132E-01         0.15318E-02      0.13568              0.15314E-02
    282.35      0.69085E-01         0.15137E-02      0.13564              0.15133E-02
    282.81      0.69036E-01         0.15147E-02      0.13559              0.15144E-02
    283.28      0.68987E-01         0.15351E-02      0.13554              0.15347E-02
    283.75      0.68944E-01         0.15793E-02      0.13550              0.15789E-02
    284.22      0.68923E-01         0.16451E-02      0.13548              0.16447E-02
    284.69      0.68933E-01         0.17171E-02      0.13549              0.17167E-02
    285.15      0.68971E-01         0.17778E-02      0.13553              0.17774E-02
    285.62      0.69022E-01         0.18210E-02      0.13558              0.18206E-02
    286.09      0.69082E-01         0.18494E-02      0.13564              0.18490E-02
    286.56      0.69150E-01         0.18616E-02      0.13571              0.18613E-02
    287.03      0.69223E-01         0.18495E-02      0.13579              0.18491E-02
    287.50      0.69285E-01         0.18087E-02      0.13585              0.18083E-02
    287.96      0.69321E-01         0.17489E-02      0.13589              0.17485E-02
    288.43      0.69328E-01         0.16880E-02      0.13589              0.16876E-02
    288.90      0.69313E-01         0.16378E-02      0.13588              0.16374E-02
    289.37      0.69285E-01         0.15992E-02      0.13585              0.15988E-02
    289.84      0.69244E-01         0.15731E-02      0.13581              0.15727E-02
    290.31      0.69191E-01         0.15676E-02      0.13576              0.15673E-02
    290.77      0.69137E-01         0.15911E-02      0.13571              0.15907E-02
    291.24      0.69100E-01         0.16395E-02      0.13567              0.16391E-02
    291.71      0.69086E-01         0.16996E-02      0.13566              0.16993E-02

