# Frequency [GHz]	Re(Z) [Ohm]	Im(Z) [Ohm]	|Z| [Ohm]
0.000000e+00	2.724354e-02	-0.000000e+00	2.724354e-02
4.997214e-03	2.724258e-02	1.922404e-04	2.724326e-02
9.994428e-03	2.723968e-02	3.844580e-04	2.724239e-02
1.499164e-02	2.723484e-02	5.766301e-04	2.724095e-02
1.998886e-02	2.722807e-02	7.687339e-04	2.723892e-02
2.498607e-02	2.721937e-02	9.607467e-04	2.723633e-02
2.998328e-02	2.720875e-02	1.152646e-03	2.723315e-02
3.498050e-02	2.719619e-02	1.344408e-03	2.722940e-02
3.997771e-02	2.718170e-02	1.536012e-03	2.722507e-02
4.497493e-02	2.716529e-02	1.727433e-03	2.722016e-02
4.997214e-02	2.714696e-02	1.918650e-03	2.721467e-02
5.496935e-02	2.712671e-02	2.109641e-03	2.720861e-02
5.996657e-02	2.710454e-02	2.300381e-03	2.720198e-02
6.496378e-02	2.708045e-02	2.490850e-03	2.719477e-02
6.996100e-02	2.705446e-02	2.681024e-03	2.718698e-02
7.495821e-02	2.702657e-02	2.870881e-03	2.717862e-02
7.995542e-02	2.699677e-02	3.060399e-03	2.716968e-02
8.495264e-02	2.696507e-02	3.249555e-03	2.716017e-02
8.994985e-02	2.693148e-02	3.438327e-03	2.715008e-02
9.494707e-02	2.689601e-02	3.626694e-03	2.713942e-02
9.994428e-02	2.685865e-02	3.814632e-03	2.712819e-02
1.049415e-01	2.681942e-02	4.002120e-03	2.711639e-02
1.099387e-01	2.677832e-02	4.189137e-03	2.710401e-02
1.149359e-01	2.673535e-02	4.375659e-03	2.709106e-02
1.199331e-01	2.669053e-02	4.561666e-03	2.707754e-02
1.249304e-01	2.664386e-02	4.747135e-03	2.706345e-02
1.299276e-01	2.659534e-02	4.932045e-03	2.704879e-02
1.349248e-01	2.654499e-02	5.116375e-03	2.703356e-02
1.399220e-01	2.649280e-02	5.300104e-03	2.701777e-02
1.449192e-01	2.643880e-02	5.483209e-03	2.700140e-02
1.499164e-01	2.638298e-02	5.665670e-03	2.698447e-02
1.549136e-01	2.632536e-02	5.847465e-03	2.696697e-02
1.599108e-01	2.626595e-02	6.028575e-03	2.694891e-02
1.649081e-01	2.620474e-02	6.208977e-03	2.693028e-02
1.699053e-01	2.614176e-02	6.388651e-03	2.691109e-02
1.749025e-01	2.607702e-02	6.567577e-03	2.689133e-02
1.798997e-01	2.601051e-02	6.745734e-03	2.687102e-02
1.848969e-01	2.594225e-02	6.923102e-03	2.685014e-02
1.898941e-01	2.587226e-02	7.099661e-03	2.682870e-02
1.948913e-01	2.580054e-02	7.275390e-03	2.680670e-02
1.998886e-01	2.572710e-02	7.450270e-03	2.678414e-02
2.048858e-01	2.565196e-02	7.624280e-03	2.676103e-02
2.098830e-01	2.557512e-02	7.797402e-03	2.673735e-02
2.148802e-01	2.549660e-02	7.969616e-03	2.671313e-02
2.198774e-01	2.541640e-02	8.140903e-03	2.668835e-02
2.248746e-01	2.533455e-02	8.311243e-03	2.666301e-02
2.298718e-01	2.525105e-02	8.480618e-03	2.663712e-02
2.348691e-01	2.516592e-02	8.649008e-03	2.661069e-02
2.398663e-01	2.507916e-02	8.816396e-03	2.658370e-02
2.448635e-01	2.499079e-02	8.982762e-03	2.655616e-02
2.498607e-01	2.490083e-02	9.148088e-03	2.652808e-02
2.548579e-01	2.480929e-02	9.312357e-03	2.649945e-02
2.598551e-01	2.471617e-02	9.475550e-03	2.647027e-02
2.648523e-01	2.462150e-02	9.637649e-03	2.644055e-02
2.698496e-01	2.452529e-02	9.798638e-03	2.641029e-02
2.748468e-01	2.442756e-02	9.958498e-03	2.637948e-02
2.798440e-01	2.432831e-02	1.011721e-02	2.634814e-02
2.848412e-01	2.422756e-02	1.027477e-02	2.631626e-02
2.898384e-01	2.412533e-02	1.043114e-02	2.628384e-02
2.948356e-01	2.402163e-02	1.058632e-02	2.625089e-02
2.998328e-01	2.391648e-02	1.074028e-02	2.621740e-02
3.048301e-01	2.380990e-02	1.089302e-02	2.618338e-02
3.098273e-01	2.370189e-02	1.104451e-02	2.614882e-02
3.148245e-01	2.359248e-02	1.119474e-02	2.611374e-02
3.198217e-01	2.348168e-02	1.134370e-02	2.607813e-02
3.248189e-01	2.336950e-02	1.149137e-02	2.604199e-02
3.298161e-01	2.325597e-02	1.163773e-02	2.600533e-02
3.348133e-01	2.314111e-02	1.178277e-02	2.596814e-02
3.398106e-01	2.302491e-02	1.192648e-02	2.593044e-02
3.448078e-01	2.290742e-02	1.206883e-02	2.589221e-02
3.498050e-01	2.278863e-02	1.220982e-02	2.585346e-02
3.548022e-01	2.266857e-02	1.234944e-02	2.581420e-02
3.597994e-01	2.254726e-02	1.248766e-02	2.577442e-02
3.647966e-01	2.242472e-02	1.262448e-02	2.573413e-02
3.697938e-01	2.230095e-02	1.275988e-02	2.569332e-02
3.747911e-01	2.217599e-02	1.289384e-02	2.565201e-02
3.797883e-01	2.204984e-02	1.302637e-02	2.561019e-02
3.847855e-01	2.192253e-02	1.315744e-02	2.556786e-02
3.897827e-01	2.179408e-02	1.328704e-02	2.552503e-02
3.947799e-01	2.166450e-02	1.341516e-02	2.548170e-02
3.997771e-01	2.153381e-02	1.354178e-02	2.543786e-02
4.047743e-01	2.140203e-02	1.366691e-02	2.539353e-02
4.097716e-01	2.126919e-02	1.379051e-02	2.534870e-02
4.147688e-01	2.113529e-02	1.391260e-02	2.530338e-02
4.197660e-01	2.100036e-02	1.403314e-02	2.525756e-02
4.247632e-01	2.086442e-02	1.415214e-02	2.521125e-02
4.297604e-01	2.072749e-02	1.426958e-02	2.516446e-02
4.347576e-01	2.058959e-02	1.438545e-02	2.511717e-02
4.397548e-01	2.045073e-02	1.449975e-02	2.506941e-02
4.447521e-01	2.031094e-02	1.461246e-02	2.502116e-02
4.497493e-01	2.017024e-02	1.472357e-02	2.497243e-02
4.547465e-01	2.002864e-02	1.483308e-02	2.492322e-02
4.597437e-01	1.988617e-02	1.494098e-02	2.487354e-02
4.647409e-01	1.974285e-02	1.504725e-02	2.482338e-02
4.697381e-01	1.959870e-02	1.515190e-02	2.477275e-02
4.747353e-01	1.945374e-02	1.525491e-02	2.472165e-02
4.797325e-01	1.930798e-02	1.535627e-02	2.467009e-02
4.847298e-01	1.916145e-02	1.545598e-02	2.461806e-02
4.897270e-01	1.901418e-02	1.555403e-02	2.456556e-02
4.947242e-01	1.886617e-02	1.565042e-02	2.451261e-02
4.997214e-01	1.871746e-02	1.574514e-02	2.445920e-02
5.047186e-01	1.856806e-02	1.583817e-02	2.440533e-02
5.097158e-01	1.841799e-02	1.592952e-02	2.435102e-02
5.147130e-01	1.826728e-02	1.601918e-02	2.429625e-02
5.197103e-01	1.811594e-02	1.610715e-02	2.424103e-02
5.247075e-01	1.796400e-02	1.619342e-02	2.418536e-02
5.297047e-01	1.781147e-02	1.627798e-02	2.412926e-02
5.347019e-01	1.765839e-02	1.636083e-02	2.407271e-02
5.396991e-01	1.750476e-02	1.644197e-02	2.401572e-02
5.446963e-01	1.735062e-02	1.652139e-02	2.395830e-02
5.496935e-01	1.719598e-02	1.659909e-02	2.390045e-02
5.546908e-01	1.704086e-02	1.667506e-02	2.384216e-02
5.596880e-01	1.688529e-02	1.674931e-02	2.378345e-02
5.646852e-01	1.672928e-02	1.682182e-02	2.372431e-02
5.696824e-01	1.657286e-02	1.689261e-02	2.366474e-02
5.746796e-01	1.641606e-02	1.696166e-02	2.360476e-02
5.796768e-01	1.625888e-02	1.702897e-02	2.354436e-02
5.846740e-01	1.610135e-02	1.709454e-02	2.348354e-02
5.896713e-01	1.594350e-02	1.715837e-02	2.342232e-02
5.946685e-01	1.578534e-02	1.722046e-02	2.336068e-02
5.996657e-01	1.562690e-02	1.728081e-02	2.329863e-02
6.046629e-01	1.546819e-02	1.733942e-02	2.323619e-02
6.096601e-01	1.530924e-02	1.739628e-02	2.317334e-02
6.146573e-01	1.515007e-02	1.745140e-02	2.311009e-02
6.196545e-01	1.499071e-02	1.750478e-02	2.304644e-02
6.246518e-01	1.483116e-02	1.755641e-02	2.298241e-02
6.296490e-01	1.467146e-02	1.760631e-02	2.291798e-02
6.346462e-01	1.451163e-02	1.765446e-02	2.285317e-02
6.396434e-01	1.435167e-02	1.770088e-02	2.278797e-02
6.446406e-01	1.419163e-02	1.774555e-02	2.272239e-02
6.496378e-01	1.403151e-02	1.778850e-02	2.265643e-02
6.546350e-01	1.387134e-02	1.782971e-02	2.259010e-02
6.596323e-01	1.371115e-02	1.786918e-02	2.252339e-02
6.646295e-01	1.355094e-02	1.790694e-02	2.245632e-02
6.696267e-01	1.339074e-02	1.794296e-02	2.238888e-02
6.746239e-01	1.323057e-02	1.797727e-02	2.232107e-02
6.796211e-01	1.307046e-02	1.800986e-02	2.225291e-02
6.846183e-01	1.291042e-02	1.804073e-02	2.218438e-02
6.896155e-01	1.275048e-02	1.806989e-02	2.211551e-02
6.946128e-01	1.259064e-02	1.809735e-02	2.204628e-02
6.996100e-01	1.243095e-02	1.812311e-02	2.197670e-02
7.046072e-01	1.227140e-02	1.814717e-02	2.190678e-02
7.096044e-01	1.211203e-02	1.816954e-02	2.183652e-02
7.146016e-01	1.195286e-02	1.819022e-02	2.176591e-02
7.195988e-01	1.179390e-02	1.820923e-02	2.169498e-02
7.245960e-01	1.163517e-02	1.822656e-02	2.162371e-02
7.295933e-01	1.147670e-02	1.824222e-02	2.155211e-02
7.345905e-01	1.131851e-02	1.825622e-02	2.148018e-02
7.395877e-01	1.116060e-02	1.826857e-02	2.140793e-02
7.445849e-01	1.100301e-02	1.827927e-02	2.133537e-02
7.495821e-01	1.084575e-02	1.828833e-02	2.126248e-02
7.545793e-01	1.068885e-02	1.829575e-02	2.118929e-02
7.595765e-01	1.053231e-02	1.830155e-02	2.111578e-02
7.645738e-01	1.037616e-02	1.830573e-02	2.104197e-02
7.695710e-01	1.022042e-02	1.830830e-02	2.096785e-02
7.745682e-01	1.006510e-02	1.830927e-02	2.089344e-02
7.795654e-01	9.910235e-03	1.830865e-02	2.081873e-02
7.845626e-01	9.755829e-03	1.830644e-02	2.074372e-02
7.895598e-01	9.601905e-03	1.830266e-02	2.066843e-02
7.945570e-01	9.448480e-03	1.829732e-02	2.059285e-02
7.995542e-01	9.295573e-03	1.829041e-02	2.051699e-02
8.045515e-01	9.143201e-03	1.828196e-02	2.044085e-02
8.095487e-01	8.991381e-03	1.827198e-02	2.036443e-02
8.145459e-01	8.840132e-03	1.826047e-02	2.028774e-02
8.195431e-01	8.689471e-03	1.824744e-02	2.021079e-02
8.245403e-01	8.539414e-03	1.823290e-02	2.013356e-02
8.295375e-01	8.389978e-03	1.821688e-02	2.005608e-02
8.345347e-01	8.241181e-03	1.819936e-02	1.997834e-02
8.395320e-01	8.093039e-03	1.818038e-02	1.990034e-02
8.445292e-01	7.945568e-03	1.815994e-02	1.982209e-02
8.495264e-01	7.798785e-03	1.813804e-02	1.974360e-02
8.545236e-01	7.652705e-03	1.811471e-02	1.966486e-02
8.595208e-01	7.507345e-03	1.808995e-02	1.958588e-02
8.645180e-01	7.362720e-03	1.806378e-02	1.950666e-02
8.695152e-01	7.218846e-03	1.803621e-02	1.942721e-02
8.745125e-01	7.075737e-03	1.800725e-02	1.934753e-02
8.795097e-01	6.933410e-03	1.797691e-02	1.926763e-02
8.845069e-01	6.791878e-03	1.794521e-02	1.918750e-02
8.895041e-01	6.651157e-03	1.791217e-02	1.910716e-02
8.945013e-01	6.511262e-03	1.787778e-02	1.902660e-02
8.994985e-01	6.372206e-03	1.784207e-02	1.894583e-02
9.044957e-01	6.234003e-03	1.780506e-02	1.886486e-02
9.094930e-01	6.096668e-03	1.776674e-02	1.878368e-02
9.144902e-01	5.960214e-03	1.772715e-02	1.870230e-02
9.194874e-01	5.824655e-03	1.768629e-02	1.862072e-02
9.244846e-01	5.690004e-03	1.764417e-02	1.853896e-02
9.294818e-01	5.556273e-03	1.760082e-02	1.845700e-02
9.344790e-01	5.423477e-03	1.755624e-02	1.837486e-02
9.394762e-01	5.291626e-03	1.751045e-02	1.829254e-02
9.444735e-01	5.160735e-03	1.746346e-02	1.821004e-02
9.494707e-01	5.030815e-03	1.741530e-02	1.812738e-02
9.544679e-01	4.901877e-03	1.736597e-02	1.804454e-02
9.594651e-01	4.773934e-03	1.731549e-02	1.796153e-02
9.644623e-01	4.646997e-03	1.726388e-02	1.787837e-02
9.694595e-01	4.521078e-03	1.721115e-02	1.779505e-02
9.744567e-01	4.396187e-03	1.715731e-02	1.771157e-02
9.794540e-01	4.272335e-03	1.710239e-02	1.762795e-02
9.844512e-01	4.149533e-03	1.704640e-02	1.754418e-02
9.894484e-01	4.027791e-03	1.698935e-02	1.746027e-02
9.944456e-01	3.907119e-03	1.693126e-02	1.737622e-02
9.994428e-01	3.787528e-03	1.687214e-02	1.729204e-02
1.004440e+00	3.669026e-03	1.681202e-02	1.720773e-02
1.009437e+00	3.551623e-03	1.675091e-02	1.712329e-02
1.014434e+00	3.435329e-03	1.668883e-02	1.703873e-02
1.019432e+00	3.320151e-03	1.662579e-02	1.695406e-02
1.024429e+00	3.206100e-03	1.656180e-02	1.686927e-02
1.029426e+00	3.093183e-03	1.649689e-02	1.678437e-02
1.034423e+00	2.981408e-03	1.643107e-02	1.669937e-02
1.039421e+00	2.870783e-03	1.636437e-02	1.661427e-02
1.044418e+00	2.761317e-03	1.629679e-02	1.652907e-02
1.049415e+00	2.653016e-03	1.622835e-02	1.644378e-02
1.054412e+00	2.545888e-03	1.615907e-02	1.635839e-02
1.059409e+00	2.439939e-03	1.608897e-02	1.627293e-02
1.064407e+00	2.335177e-03	1.601806e-02	1.618738e-02
1.069404e+00	2.231608e-03	1.594637e-02	1.610176e-02
1.074401e+00	2.129238e-03	1.587390e-02	1.601607e-02
1.079398e+00	2.028072e-03	1.580068e-02	1.593030e-02
1.084395e+00	1.928118e-03	1.572672e-02	1.584448e-02
1.089393e+00	1.829379e-03	1.565205e-02	1.575859e-02
1.094390e+00	1.731862e-03	1.557667e-02	1.567265e-02
1.099387e+00	1.635571e-03	1.550061e-02	1.558666e-02
1.104384e+00	1.540512e-03	1.542389e-02	1.550063e-02
1.109382e+00	1.446688e-03	1.534651e-02	1.541455e-02
1.114379e+00	1.354103e-03	1.526850e-02	1.532843e-02
1.119376e+00	1.262762e-03	1.518988e-02	1.524228e-02
1.124373e+00	1.172669e-03	1.511067e-02	1.515610e-02
1.129370e+00	1.083827e-03	1.503087e-02	1.506990e-02
1.134368e+00	9.962388e-04	1.495052e-02	1.498367e-02
1.139365e+00	9.099077e-04	1.486962e-02	1.489743e-02
1.144362e+00	8.248364e-04	1.478819e-02	1.481118e-02
1.149359e+00	7.410274e-04	1.470626e-02	1.472492e-02
1.154356e+00	6.584830e-04	1.462384e-02	1.463866e-02
1.159354e+00	5.772051e-04	1.454094e-02	1.455240e-02
1.164351e+00	4.971954e-04	1.445759e-02	1.446614e-02
1.169348e+00	4.184554e-04	1.437381e-02	1.437990e-02
1.174345e+00	3.409865e-04	1.428960e-02	1.429367e-02
1.179343e+00	2.647895e-04	1.420499e-02	1.420746e-02
1.184340e+00	1.898653e-04	1.411999e-02	1.412127e-02
1.189337e+00	1.162144e-04	1.403463e-02	1.403511e-02
1.194334e+00	4.383695e-05	1.394892e-02	1.394899e-02
1.199331e+00	-2.726689e-05	1.386287e-02	1.386290e-02
1.204329e+00	-9.709736e-05	1.377651e-02	1.377685e-02
1.209326e+00	-1.656549e-04	1.368985e-02	1.369085e-02
1.214323e+00	-2.329402e-04	1.360291e-02	1.360491e-02
1.219320e+00	-2.989543e-04	1.351571e-02	1.351901e-02
1.224317e+00	-3.636981e-04	1.342826e-02	1.343318e-02
1.229315e+00	-4.271732e-04	1.334058e-02	1.334742e-02
1.234312e+00	-4.893811e-04	1.325269e-02	1.326172e-02
1.239309e+00	-5.503238e-04	1.316460e-02	1.317610e-02
1.244306e+00	-6.100032e-04	1.307634e-02	1.309056e-02
1.249304e+00	-6.684218e-04	1.298791e-02	1.300510e-02
1.254301e+00	-7.255820e-04	1.289934e-02	1.291973e-02
1.259298e+00	-7.814866e-04	1.281064e-02	1.283445e-02
1.264295e+00	-8.361386e-04	1.272183e-02	1.274927e-02
1.269292e+00	-8.895413e-04	1.263292e-02	1.266420e-02
1.274290e+00	-9.416980e-04	1.254393e-02	1.257923e-02
1.279287e+00	-9.926125e-04	1.245489e-02	1.249438e-02
1.284284e+00	-1.042289e-03	1.236579e-02	1.240964e-02
1.289281e+00	-1.090730e-03	1.227667e-02	1.232503e-02
1.294278e+00	-1.137942e-03	1.218753e-02	1.224054e-02
1.299276e+00	-1.183928e-03	1.209840e-02	1.215619e-02
1.304273e+00	-1.228694e-03	1.200928e-02	1.207197e-02
1.309270e+00	-1.272243e-03	1.192020e-02	1.198790e-02
1.314267e+00	-1.314582e-03	1.183116e-02	1.190397e-02
1.319265e+00	-1.355716e-03	1.174219e-02	1.182020e-02
1.324262e+00	-1.395650e-03	1.165330e-02	1.173658e-02
1.329259e+00	-1.434390e-03	1.156451e-02	1.165312e-02
1.334256e+00	-1.471941e-03	1.147582e-02	1.156984e-02
1.339253e+00	-1.508311e-03	1.138727e-02	1.148672e-02
1.344251e+00	-1.543506e-03	1.129885e-02	1.140379e-02
1.349248e+00	-1.577531e-03	1.121058e-02	1.132103e-02
1.354245e+00	-1.610394e-03	1.112249e-02	1.123847e-02
1.359242e+00	-1.642101e-03	1.103458e-02	1.115610e-02
1.364239e+00	-1.672660e-03	1.094687e-02	1.107392e-02
1.369237e+00	-1.702078e-03	1.085937e-02	1.099196e-02
1.374234e+00	-1.730363e-03	1.077210e-02	1.091020e-02
1.379231e+00	-1.757521e-03	1.068507e-02	1.082865e-02
1.384228e+00	-1.783562e-03	1.059830e-02	1.074733e-02
1.389226e+00	-1.808492e-03	1.051179e-02	1.066623e-02
1.394223e+00	-1.832320e-03	1.042557e-02	1.058536e-02
1.399220e+00	-1.855054e-03	1.033964e-02	1.050473e-02
1.404217e+00	-1.876704e-03	1.025401e-02	1.042434e-02
1.409214e+00	-1.897277e-03	1.016871e-02	1.034420e-02
1.414212e+00	-1.916782e-03	1.008375e-02	1.026431e-02
1.419209e+00	-1.935228e-03	9.999127e-03	1.018468e-02
1.424206e+00	-1.952624e-03	9.914867e-03	1.010531e-02
1.429203e+00	-1.968980e-03	9.830978e-03	1.002622e-02
1.434200e+00	-1.984306e-03	9.747472e-03	9.947396e-03
1.439198e+00	-1.998609e-03	9.664363e-03	9.868858e-03
1.444195e+00	-2.011901e-03	9.581661e-03	9.790607e-03
1.449192e+00	-2.024192e-03	9.499379e-03	9.712649e-03
1.454189e+00	-2.035490e-03	9.417527e-03	9.634990e-03
1.459187e+00	-2.045807e-03	9.336118e-03	9.557637e-03
1.464184e+00	-2.055152e-03	9.255162e-03	9.480594e-03
1.469181e+00	-2.063536e-03	9.174670e-03	9.403869e-03
1.474178e+00	-2.070969e-03	9.094653e-03	9.327466e-03
1.479175e+00	-2.077462e-03	9.015122e-03	9.251393e-03
1.484173e+00	-2.083027e-03	8.936086e-03	9.175655e-03
1.489170e+00	-2.087672e-03	8.857557e-03	9.100258e-03
1.494167e+00	-2.091411e-03	8.779545e-03	9.025209e-03
1.499164e+00	-2.094253e-03	8.702058e-03	8.950514e-03
1.504161e+00	-2.096210e-03	8.625107e-03	8.876180e-03
1.509159e+00	-2.097293e-03	8.548702e-03	8.802212e-03
1.514156e+00	-2.097514e-03	8.472851e-03	8.728617e-03
1.519153e+00	-2.096883e-03	8.397563e-03	8.655402e-03
1.524150e+00	-2.095414e-03	8.322848e-03	8.582573e-03
1.529148e+00	-2.093117e-03	8.248714e-03	8.510137e-03
1.534145e+00	-2.090004e-03	8.175170e-03	8.438100e-03
1.539142e+00	-2.086087e-03	8.102224e-03	8.366468e-03
1.544139e+00	-2.081378e-03	8.029884e-03	8.295250e-03
1.549136e+00	-2.075889e-03	7.958158e-03	8.224451e-03
1.554134e+00	-2.069632e-03	7.887053e-03	8.154078e-03
1.559131e+00	-2.062619e-03	7.816578e-03	8.084138e-03
1.564128e+00	-2.054863e-03	7.746739e-03	8.014638e-03
1.569125e+00	-2.046376e-03	7.677543e-03	7.945585e-03
1.574122e+00	-2.037170e-03	7.608998e-03	7.876986e-03
1.579120e+00	-2.027257e-03	7.541110e-03	7.808849e-03
1.584117e+00	-2.016650e-03	7.473886e-03	7.741179e-03
1.589114e+00	-2.005363e-03	7.407331e-03	7.673985e-03
1.594111e+00	-1.993406e-03	7.341453e-03	7.607273e-03
1.599108e+00	-1.980793e-03	7.276256e-03	7.541051e-03
1.604106e+00	-1.967537e-03	7.211747e-03	7.475326e-03
1.609103e+00	-1.953650e-03	7.147930e-03	7.410105e-03
1.614100e+00	-1.939145e-03	7.084812e-03	7.345397e-03
1.619097e+00	-1.924035e-03	7.022397e-03	7.281207e-03
1.624095e+00	-1.908333e-03	6.960691e-03	7.217545e-03
1.629092e+00	-1.892051e-03	6.899697e-03	7.154416e-03
1.634089e+00	-1.875203e-03	6.839420e-03	7.091830e-03
1.639086e+00	-1.857801e-03	6.779864e-03	7.029792e-03
1.644083e+00	-1.839858e-03	6.721034e-03	6.968312e-03
1.649081e+00	-1.821388e-03	6.662933e-03	6.907397e-03
1.654078e+00	-1.802402e-03	6.605565e-03	6.847054e-03
1.659075e+00	-1.782915e-03	6.548934e-03	6.787291e-03
1.664072e+00	-1.762939e-03	6.493041e-03	6.728116e-03
1.669069e+00	-1.742486e-03	6.437892e-03	6.669536e-03
1.674067e+00	-1.721571e-03	6.383487e-03	6.611559e-03
1.679064e+00	-1.700206e-03	6.329831e-03	6.554194e-03
1.684061e+00	-1.678404e-03	6.276925e-03	6.497447e-03
1.689058e+00	-1.656177e-03	6.224771e-03	6.441327e-03
1.694056e+00	-1.633540e-03	6.173372e-03	6.385841e-03
1.699053e+00	-1.610504e-03	6.122729e-03	6.330997e-03
1.704050e+00	-1.587083e-03	6.072843e-03	6.276803e-03
1.709047e+00	-1.563289e-03	6.023718e-03	6.223267e-03
1.714044e+00	-1.539136e-03	5.975352e-03	6.170395e-03
1.719042e+00	-1.514636e-03	5.927748e-03	6.118196e-03
1.724039e+00	-1.489802e-03	5.880907e-03	6.066677e-03
1.729036e+00	-1.464646e-03	5.834828e-03	6.015847e-03
1.734033e+00	-1.439183e-03	5.789513e-03	5.965711e-03
1.739030e+00	-1.413423e-03	5.744961e-03	5.916278e-03
1.744028e+00	-1.387380e-03	5.701173e-03	5.867554e-03
1.749025e+00	-1.361067e-03	5.658148e-03	5.819548e-03
1.754022e+00	-1.334496e-03	5.615886e-03	5.772266e-03
1.759019e+00	-1.307679e-03	5.574387e-03	5.725715e-03
1.764017e+00	-1.280629e-03	5.533650e-03	5.679902e-03
1.769014e+00	-1.253359e-03	5.493673e-03	5.634834e-03
1.774011e+00	-1.225880e-03	5.454456e-03	5.590517e-03
1.779008e+00	-1.198205e-03	5.415998e-03	5.546957e-03
1.784005e+00	-1.170346e-03	5.378297e-03	5.504161e-03
1.789003e+00	-1.142316e-03	5.341352e-03	5.462135e-03
1.794000e+00	-1.114125e-03	5.305160e-03	5.420885e-03
1.798997e+00	-1.085788e-03	5.269719e-03	5.380416e-03
1.803994e+00	-1.057314e-03	5.235029e-03	5.340734e-03
1.808991e+00	-1.028717e-03	5.201085e-03	5.301843e-03
1.813989e+00	-1.000007e-03	5.167886e-03	5.263749e-03
1.818986e+00	-9.711969e-04	5.135429e-03	5.226457e-03
1.823983e+00	-9.422981e-04	5.103710e-03	5.189970e-03
1.828980e+00	-9.133219e-04	5.072728e-03	5.154292e-03
1.833978e+00	-8.842797e-04	5.042479e-03	5.119428e-03
1.838975e+00	-8.551830e-04	5.012959e-03	5.085381e-03
1.843972e+00	-8.260429e-04	4.984166e-03	5.052154e-03
1.848969e+00	-7.968705e-04	4.956094e-03	5.019749e-03
1.853966e+00	-7.676770e-04	4.928742e-03	4.988168e-03
1.858964e+00	-7.384732e-04	4.902103e-03	4.957415e-03
1.863961e+00	-7.092700e-04	4.876175e-03	4.927489e-03
1.868958e+00	-6.800780e-04	4.850954e-03	4.898393e-03
1.873955e+00	-6.509080e-04	4.826434e-03	4.870128e-03
1.878952e+00	-6.217703e-04	4.802610e-03	4.842692e-03
1.883950e+00	-5.926755e-04	4.779480e-03	4.816087e-03
1.888947e+00	-5.636338e-04	4.757037e-03	4.790311e-03
1.893944e+00	-5.346553e-04	4.735276e-03	4.765364e-03
1.898941e+00	-5.057501e-04	4.714192e-03	4.741244e-03
1.903939e+00	-4.769282e-04	4.693781e-03	4.717949e-03
1.908936e+00	-4.481993e-04	4.674036e-03	4.695476e-03
1.913933e+00	-4.195731e-04	4.654952e-03	4.673823e-03
1.918930e+00	-3.910592e-04	4.636524e-03	4.652986e-03
1.923927e+00	-3.626670e-04	4.618745e-03	4.632961e-03
1.928925e+00	-3.344058e-04	4.601609e-03	4.613744e-03
1.933922e+00	-3.062849e-04	4.585111e-03	4.595330e-03
1.938919e+00	-2.783131e-04	4.569245e-03	4.577713e-03
1.943916e+00	-2.504994e-04	4.554003e-03	4.560888e-03
1.948913e+00	-2.228527e-04	4.539380e-03	4.544847e-03
1.953911e+00	-1.953815e-04	4.525370e-03	4.529586e-03
1.958908e+00	-1.680944e-04	4.511964e-03	4.515095e-03
1.963905e+00	-1.409996e-04	4.499158e-03	4.501367e-03
1.968902e+00	-1.141055e-04	4.486943e-03	4.488394e-03
1.973900e+00	-8.742009e-05	4.475314e-03	4.476167e-03
1.978897e+00	-6.095130e-05	4.464262e-03	4.464678e-03
1.983894e+00	-3.470694e-05	4.453781e-03	4.453916e-03
1.988891e+00	-8.694640e-06	4.443863e-03	4.443871e-03
1.993888e+00	1.707809e-05	4.434501e-03	4.434534e-03
1.998886e+00	4.260390e-05	4.425689e-03	4.425894e-03
2.003883e+00	6.787558e-05	4.417417e-03	4.417938e-03
2.008880e+00	9.288609e-05	4.409679e-03	4.410657e-03
2.013877e+00	1.176285e-04	4.402467e-03	4.404038e-03
2.018874e+00	1.420961e-04	4.395773e-03	4.398069e-03
2.023872e+00	1.662823e-04	4.389589e-03	4.392738e-03
2.028869e+00	1.901806e-04	4.383908e-03	4.388031e-03
2.033866e+00	2.137847e-04	4.378721e-03	4.383937e-03
2.038863e+00	2.370886e-04	4.374021e-03	4.380442e-03
2.043861e+00	2.600861e-04	4.369798e-03	4.377532e-03
2.048858e+00	2.827715e-04	4.366046e-03	4.375194e-03
2.053855e+00	3.051392e-04	4.362756e-03	4.373414e-03
2.058852e+00	3.271835e-04	4.359919e-03	4.372178e-03
2.063849e+00	3.488992e-04	4.357528e-03	4.371473e-03
2.068847e+00	3.702811e-04	4.355573e-03	4.371284e-03
2.073844e+00	3.913240e-04	4.354046e-03	4.371596e-03
2.078841e+00	4.120232e-04	4.352940e-03	4.372396e-03
2.083838e+00	4.323739e-04	4.352244e-03	4.373669e-03
2.088835e+00	4.523715e-04	4.351951e-03	4.375400e-03
2.093833e+00	4.720117e-04	4.352053e-03	4.377574e-03
2.098830e+00	4.912902e-04	4.352540e-03	4.380179e-03
2.103827e+00	5.102028e-04	4.353403e-03	4.383198e-03
2.108824e+00	5.287458e-04	4.354634e-03	4.386617e-03
2.113822e+00	5.469153e-04	4.356225e-03	4.390423e-03
2.118819e+00	5.647077e-04	4.358166e-03	4.394600e-03
2.123816e+00	5.821196e-04	4.360449e-03	4.399134e-03
2.128813e+00	5.991476e-04	4.363065e-03	4.404011e-03
2.133810e+00	6.157888e-04	4.366004e-03	4.409216e-03
2.138808e+00	6.320400e-04	4.369259e-03	4.414737e-03
2.143805e+00	6.478985e-04	4.372820e-03	4.420557e-03
2.148802e+00	6.633616e-04	4.376679e-03	4.426665e-03
2.153799e+00	6.784269e-04	4.380826e-03	4.433046e-03
2.158796e+00	6.930920e-04	4.385252e-03	4.439686e-03
2.163794e+00	7.073547e-04	4.389950e-03	4.446573e-03
2.168791e+00	7.212131e-04	4.394909e-03	4.453692e-03
2.173788e+00	7.346652e-04	4.400121e-03	4.461031e-03
2.178785e+00	7.477094e-04	4.405578e-03	4.468578e-03
2.183783e+00	7.603441e-04	4.411270e-03	4.476318e-03
2.188780e+00	7.725678e-04	4.417188e-03	4.484240e-03
2.193777e+00	7.843795e-04	4.423324e-03	4.492332e-03
2.198774e+00	7.957780e-04	4.429668e-03	4.500580e-03
2.203771e+00	8.067623e-04	4.436213e-03	4.508974e-03
2.208769e+00	8.173317e-04	4.442949e-03	4.517502e-03
2.213766e+00	8.274855e-04	4.449867e-03	4.526152e-03
2.218763e+00	8.372233e-04	4.456959e-03	4.534912e-03
2.223760e+00	8.465448e-04	4.464216e-03	4.543772e-03
2.228757e+00	8.554497e-04	4.471630e-03	4.552721e-03
2.233755e+00	8.639380e-04	4.479191e-03	4.561747e-03
2.238752e+00	8.720099e-04	4.486891e-03	4.570842e-03
2.243749e+00	8.796655e-04	4.494722e-03	4.579993e-03
2.248746e+00	8.869054e-04	4.502675e-03	4.589192e-03
2.253744e+00	8.937300e-04	4.510742e-03	4.598429e-03
2.258741e+00	9.001400e-04	4.518914e-03	4.607693e-03
2.263738e+00	9.061364e-04	4.527183e-03	4.616976e-03
2.268735e+00	9.117199e-04	4.535540e-03	4.626268e-03
2.273732e+00	9.168918e-04	4.543978e-03	4.635561e-03
2.278730e+00	9.216533e-04	4.552487e-03	4.644845e-03
2.283727e+00	9.260058e-04	4.561060e-03	4.654112e-03
2.288724e+00	9.299508e-04	4.569690e-03	4.663354e-03
2.293721e+00	9.334899e-04	4.578366e-03	4.672563e-03
2.298718e+00	9.366249e-04	4.587083e-03	4.681730e-03
2.303716e+00	9.393577e-04	4.595831e-03	4.690848e-03
2.308713e+00	9.416905e-04	4.604604e-03	4.699910e-03
2.313710e+00	9.436252e-04	4.613392e-03	4.708908e-03
2.318707e+00	9.451643e-04	4.622189e-03	4.717835e-03
2.323705e+00	9.463102e-04	4.630987e-03	4.726684e-03
2.328702e+00	9.470653e-04	4.639778e-03	4.735449e-03
2.333699e+00	9.474324e-04	4.648555e-03	4.744122e-03
2.338696e+00	9.474142e-04	4.657311e-03	4.752698e-03
2.343693e+00	9.470136e-04	4.666037e-03	4.761170e-03
2.348691e+00	9.462336e-04	4.674728e-03	4.769532e-03
2.353688e+00	9.450774e-04	4.683375e-03	4.777779e-03
2.358685e+00	9.435482e-04	4.691972e-03	4.785904e-03
2.363682e+00	9.416494e-04	4.700511e-03	4.793903e-03
2.368679e+00	9.393843e-04	4.708986e-03	4.801770e-03
2.373677e+00	9.367566e-04	4.717390e-03	4.809499e-03
2.378674e+00	9.337699e-04	4.725716e-03	4.817087e-03
2.383671e+00	9.304281e-04	4.733958e-03	4.824527e-03
2.388668e+00	9.267348e-04	4.742109e-03	4.831815e-03
2.393666e+00	9.226943e-04	4.750163e-03	4.838948e-03
2.398663e+00	9.183104e-04	4.758113e-03	4.845919e-03
2.403660e+00	9.135874e-04	4.765953e-03	4.852726e-03
2.408657e+00	9.085295e-04	4.773677e-03	4.859364e-03
2.413654e+00	9.031411e-04	4.781279e-03	4.865829e-03
2.418652e+00	8.974266e-04	4.788753e-03	4.872118e-03
2.423649e+00	8.913905e-04	4.796094e-03	4.878226e-03
2.428646e+00	8.850374e-04	4.803294e-03	4.884151e-03
2.433643e+00	8.783721e-04	4.810350e-03	4.889888e-03
2.438640e+00	8.713992e-04	4.817255e-03	4.895435e-03
2.443638e+00	8.641237e-04	4.824004e-03	4.900788e-03
2.448635e+00	8.565504e-04	4.830592e-03	4.905945e-03
2.453632e+00	8.486844e-04	4.837013e-03	4.910902e-03
2.458629e+00	8.405307e-04	4.843263e-03	4.915657e-03
2.463627e+00	8.320945e-04	4.849336e-03	4.920207e-03
2.468624e+00	8.233810e-04	4.855228e-03	4.924550e-03
2.473621e+00	8.143954e-04	4.860933e-03	4.928683e-03
2.478618e+00	8.051431e-04	4.866449e-03	4.932604e-03
2.483615e+00	7.956295e-04	4.871769e-03	4.936310e-03
2.488613e+00	7.858600e-04	4.876889e-03	4.939800e-03
2.493610e+00	7.758402e-04	4.881806e-03	4.943072e-03
2.498607e+00	7.655756e-04	4.886515e-03	4.946123e-03
2.503604e+00	7.550719e-04	4.891012e-03	4.948953e-03
2.508601e+00	7.443347e-04	4.895293e-03	4.951558e-03
2.513599e+00	7.333697e-04	4.899355e-03	4.953939e-03
2.518596e+00	7.221827e-04	4.903193e-03	4.956092e-03
2.523593e+00	7.107795e-04	4.906805e-03	4.958018e-03
2.528590e+00	6.991659e-04	4.910186e-03	4.959714e-03
2.533588e+00	6.873479e-04	4.913334e-03	4.961179e-03
2.538585e+00	6.753313e-04	4.916245e-03	4.962412e-03
2.543582e+00	6.631222e-04	4.918916e-03	4.963413e-03
2.548579e+00	6.507265e-04	4.921345e-03	4.964180e-03
2.553576e+00	6.381501e-04	4.923528e-03	4.964712e-03
2.558574e+00	6.253993e-04	4.925463e-03	4.965009e-03
2.563571e+00	6.124800e-04	4.927148e-03	4.965070e-03
2.568568e+00	5.993983e-04	4.928579e-03	4.964894e-03
2.573565e+00	5.861603e-04	4.929755e-03	4.964480e-03
2.578562e+00	5.727723e-04	4.930673e-03	4.963829e-03
2.583560e+00	5.592402e-04	4.931331e-03	4.962940e-03
2.588557e+00	5.455704e-04	4.931728e-03	4.961813e-03
2.593554e+00	5.317689e-04	4.931860e-03	4.960446e-03
2.598551e+00	5.178420e-04	4.931728e-03	4.958841e-03
2.603549e+00	5.037958e-04	4.931329e-03	4.956997e-03
2.608546e+00	4.896366e-04	4.930662e-03	4.954914e-03
2.613543e+00	4.753705e-04	4.929725e-03	4.952591e-03
2.618540e+00	4.610037e-04	4.928517e-03	4.950030e-03
2.623537e+00	4.465424e-04	4.927037e-03	4.947231e-03
2.628535e+00	4.319929e-04	4.925284e-03	4.944193e-03
2.633532e+00	4.173614e-04	4.923257e-03	4.940916e-03
2.638529e+00	4.026539e-04	4.920956e-03	4.937402e-03
2.643526e+00	3.878767e-04	4.918380e-03	4.933651e-03
2.648523e+00	3.730359e-04	4.915528e-03	4.929662e-03
2.653521e+00	3.581377e-04	4.912400e-03	4.925437e-03
2.658518e+00	3.431883e-04	4.908995e-03	4.920977e-03
2.663515e+00	3.281936e-04	4.905314e-03	4.916281e-03
2.668512e+00	3.131599e-04	4.901357e-03	4.911351e-03
2.673510e+00	2.980931e-04	4.897123e-03	4.906187e-03
2.678507e+00	2.829994e-04	4.892613e-03	4.900790e-03
2.683504e+00	2.678847e-04	4.887826e-03	4.895162e-03
2.688501e+00	2.527551e-04	4.882765e-03	4.889302e-03
2.693498e+00	2.376164e-04	4.877428e-03	4.883213e-03
2.698496e+00	2.224746e-04	4.871817e-03	4.876894e-03
2.703493e+00	2.073357e-04	4.865933e-03	4.870348e-03
2.708490e+00	1.922054e-04	4.859775e-03	4.863575e-03
2.713487e+00	1.770897e-04	4.853346e-03	4.856576e-03
2.718484e+00	1.619941e-04	4.846647e-03	4.849353e-03
2.723482e+00	1.469246e-04	4.839677e-03	4.841907e-03
2.728479e+00	1.318868e-04	4.832440e-03	4.834239e-03
2.733476e+00	1.168863e-04	4.824936e-03	4.826351e-03
2.738473e+00	1.019288e-04	4.817166e-03	4.818244e-03
2.743471e+00	8.701978e-05	4.809133e-03	4.809920e-03
2.748468e+00	7.216475e-05	4.800837e-03	4.801380e-03
2.753465e+00	5.736917e-05	4.792282e-03	4.792625e-03
2.758462e+00	4.263844e-05	4.783468e-03	4.783658e-03
2.763459e+00	2.797790e-05	4.774398e-03	4.774480e-03
2.768457e+00	1.339284e-05	4.765073e-03	4.765092e-03
2.773454e+00	-1.111522e-06	4.755496e-03	4.755497e-03
2.778451e+00	-1.553002e-05	4.745670e-03	4.745696e-03
2.783448e+00	-2.985754e-05	4.735596e-03	4.735690e-03
2.788445e+00	-4.408906e-05	4.725278e-03	4.725483e-03
2.793443e+00	-5.821959e-05	4.714716e-03	4.715076e-03
2.798440e+00	-7.224422e-05	4.703915e-03	4.704470e-03
2.803437e+00	-8.615810e-05	4.692877e-03	4.693668e-03
2.808434e+00	-9.995648e-05	4.681605e-03	4.682672e-03
2.813432e+00	-1.136346e-04	4.670101e-03	4.671483e-03
2.818429e+00	-1.271879e-04	4.658369e-03	4.660105e-03
2.823426e+00	-1.406118e-04	4.646411e-03	4.648539e-03
2.828423e+00	-1.539018e-04	4.634232e-03	4.636786e-03
2.833420e+00	-1.670535e-04	4.621833e-03	4.624851e-03
2.838418e+00	-1.800626e-04	4.609218e-03	4.612734e-03
2.843415e+00	-1.929247e-04	4.596391e-03	4.600438e-03
2.848412e+00	-2.056358e-04	4.583355e-03	4.587966e-03
2.853409e+00	-2.181917e-04	4.570113e-03	4.575319e-03
2.858406e+00	-2.305884e-04	4.556670e-03	4.562501e-03
2.863404e+00	-2.428220e-04	4.543028e-03	4.549513e-03
2.868401e+00	-2.548886e-04	4.529192e-03	4.536358e-03
2.873398e+00	-2.667845e-04	4.515164e-03	4.523039e-03
2.878395e+00	-2.785059e-04	4.500950e-03	4.509558e-03
2.883393e+00	-2.900494e-04	4.486552e-03	4.495918e-03
2.888390e+00	-3.014113e-04	4.471975e-03	4.482121e-03
2.893387e+00	-3.125882e-04	4.457223e-03	4.468170e-03
2.898384e+00	-3.235768e-04	4.442299e-03	4.454068e-03
2.903381e+00	-3.343740e-04	4.427209e-03	4.439818e-03
2.908379e+00	-3.449764e-04	4.411955e-03	4.425421e-03
2.913376e+00	-3.553810e-04	4.396543e-03	4.410882e-03
2.918373e+00	-3.655849e-04	4.380976e-03	4.396203e-03
2.923370e+00	-3.755852e-04	4.365258e-03	4.381386e-03
2.928367e+00	-3.853791e-04	4.349395e-03	4.366435e-03
2.933365e+00	-3.949639e-04	4.333390e-03	4.351352e-03
2.938362e+00	-4.043370e-04	4.317248e-03	4.336141e-03
2.943359e+00	-4.134959e-04	4.300974e-03	4.320805e-03
2.948356e+00	-4.224381e-04	4.284571e-03	4.305346e-03
2.953354e+00	-4.311613e-04	4.268044e-03	4.289767e-03
2.958351e+00	-4.396634e-04	4.251398e-03	4.274072e-03
2.963348e+00	-4.479422e-04	4.234638e-03	4.258264e-03
2.968345e+00	-4.559956e-04	4.217768e-03	4.242346e-03
2.973342e+00	-4.638217e-04	4.200792e-03	4.226321e-03
2.978340e+00	-4.714187e-04	4.183716e-03	4.210192e-03
2.983337e+00	-4.787848e-04	4.166544e-03	4.193962e-03
2.988334e+00	-4.859184e-04	4.149280e-03	4.177636e-03
2.993331e+00	-4.928179e-04	4.131930e-03	4.161216e-03
2.998328e+00	-4.994819e-04	4.114498e-03	4.144705e-03
3.003326e+00	-5.059090e-04	4.096989e-03	4.128107e-03
3.008323e+00	-5.120979e-04	4.079408e-03	4.111425e-03
3.013320e+00	-5.180475e-04	4.061760e-03	4.094663e-03
3.018317e+00	-5.237567e-04	4.044048e-03	4.077824e-03
3.023315e+00	-5.292245e-04	4.026279e-03	4.060912e-03
3.028312e+00	-5.344501e-04	4.008457e-03	4.043929e-03
3.033309e+00	-5.394327e-04	3.990586e-03	4.026881e-03
3.038306e+00	-5.441716e-04	3.972672e-03	4.009769e-03
3.043303e+00	-5.486662e-04	3.954720e-03	3.992599e-03
3.048301e+00	-5.529160e-04	3.936733e-03	3.975372e-03
3.053298e+00	-5.569207e-04	3.918718e-03	3.958094e-03
3.058295e+00	-5.606799e-04	3.900678e-03	3.940768e-03
3.063292e+00	-5.641935e-04	3.882619e-03	3.923397e-03
3.068289e+00	-5.674612e-04	3.864546e-03	3.905986e-03
3.073287e+00	-5.704832e-04	3.846462e-03	3.888537e-03
3.078284e+00	-5.732595e-04	3.828374e-03	3.871056e-03
3.083281e+00	-5.757903e-04	3.810285e-03	3.853544e-03
3.088278e+00	-5.780758e-04	3.792200e-03	3.836008e-03
3.093276e+00	-5.801164e-04	3.774125e-03	3.818449e-03
3.098273e+00	-5.819125e-04	3.756064e-03	3.800873e-03
3.103270e+00	-5.834647e-04	3.738021e-03	3.783283e-03
3.108267e+00	-5.847736e-04	3.720002e-03	3.765683e-03
3.113264e+00	-5.858400e-04	3.702010e-03	3.748078e-03
3.118262e+00	-5.866646e-04	3.684051e-03	3.730470e-03
3.123259e+00	-5.872484e-04	3.666128e-03	3.712864e-03
3.128256e+00	-5.875923e-04	3.648248e-03	3.695264e-03
3.133253e+00	-5.876975e-04	3.630413e-03	3.677674e-03
3.138250e+00	-5.875650e-04	3.612630e-03	3.660099e-03
3.143248e+00	-5.871961e-04	3.594901e-03	3.642542e-03
3.148245e+00	-5.865922e-04	3.577232e-03	3.625007e-03
3.153242e+00	-5.857547e-04	3.559626e-03	3.607499e-03
3.158239e+00	-5.846850e-04	3.542089e-03	3.590021e-03
3.163236e+00	-5.833848e-04	3.524625e-03	3.572579e-03
3.168234e+00	-5.818557e-04	3.507237e-03	3.555175e-03
3.173231e+00	-5.800994e-04	3.489931e-03	3.537815e-03
3.178228e+00	-5.781179e-04	3.472709e-03	3.520501e-03
3.183225e+00	-5.759128e-04	3.455578e-03	3.503240e-03
3.188223e+00	-5.734864e-04	3.438539e-03	3.486035e-03
3.193220e+00	-5.708405e-04	3.421598e-03	3.468889e-03
3.198217e+00	-5.679773e-04	3.404759e-03	3.451808e-03
3.203214e+00	-5.648991e-04	3.388025e-03	3.434796e-03
3.208211e+00	-5.616080e-04	3.371401e-03	3.417857e-03
3.213209e+00	-5.581065e-04	3.354889e-03	3.400995e-03
3.218206e+00	-5.543969e-04	3.338495e-03	3.384214e-03
3.223203e+00	-5.504818e-04	3.322222e-03	3.367519e-03
3.228200e+00	-5.463636e-04	3.306072e-03	3.350914e-03
3.233197e+00	-5.420450e-04	3.290051e-03	3.334404e-03
3.238195e+00	-5.375286e-04	3.274162e-03	3.317992e-03
3.243192e+00	-5.328173e-04	3.258407e-03	3.301683e-03
3.248189e+00	-5.279138e-04	3.242791e-03	3.285481e-03
3.253186e+00	-5.228210e-04	3.227317e-03	3.269391e-03
3.258184e+00	-5.175418e-04	3.211988e-03	3.253416e-03
3.263181e+00	-5.120792e-04	3.196807e-03	3.237561e-03
3.268178e+00	-5.064362e-04	3.181778e-03	3.221831e-03
3.273175e+00	-5.006159e-04	3.166904e-03	3.206228e-03
3.278172e+00	-4.946216e-04	3.152188e-03	3.190758e-03
3.283170e+00	-4.884564e-04	3.137632e-03	3.175425e-03
3.288167e+00	-4.821235e-04	3.123240e-03	3.160233e-03
3.293164e+00	-4.756262e-04	3.109014e-03	3.145185e-03
3.298161e+00	-4.689680e-04	3.094958e-03	3.130287e-03
3.303158e+00	-4.621522e-04	3.081073e-03	3.115541e-03
3.308156e+00	-4.551823e-04	3.067364e-03	3.100953e-03
3.313153e+00	-4.480618e-04	3.053831e-03	3.086526e-03
3.318150e+00	-4.407941e-04	3.040478e-03	3.072264e-03
3.323147e+00	-4.333829e-04	3.027307e-03	3.058170e-03
3.328145e+00	-4.258318e-04	3.014320e-03	3.044250e-03
3.333142e+00	-4.181445e-04	3.001519e-03	3.030506e-03
3.338139e+00	-4.103246e-04	2.988908e-03	3.016942e-03
3.343136e+00	-4.023758e-04	2.976487e-03	3.003562e-03
3.348133e+00	-3.943020e-04	2.964260e-03	2.990369e-03
3.353131e+00	-3.861068e-04	2.952227e-03	2.977368e-03
3.358128e+00	-3.777942e-04	2.940390e-03	2.964561e-03
3.363125e+00	-3.693680e-04	2.928753e-03	2.951953e-03
3.368122e+00	-3.608321e-04	2.917315e-03	2.939545e-03
3.373119e+00	-3.521903e-04	2.906079e-03	2.927343e-03
3.378117e+00	-3.434466e-04	2.895047e-03	2.915348e-03
3.383114e+00	-3.346049e-04	2.884220e-03	2.903564e-03
3.388111e+00	-3.256692e-04	2.873598e-03	2.891994e-03
3.393108e+00	-3.166435e-04	2.863185e-03	2.880641e-03
3.398106e+00	-3.075318e-04	2.852980e-03	2.869507e-03
3.403103e+00	-2.983382e-04	2.842985e-03	2.858596e-03
3.408100e+00	-2.890666e-04	2.833201e-03	2.847909e-03
3.413097e+00	-2.797211e-04	2.823629e-03	2.837451e-03
3.418094e+00	-2.703058e-04	2.814270e-03	2.827222e-03
3.423092e+00	-2.608247e-04	2.805125e-03	2.817225e-03
3.428089e+00	-2.512819e-04	2.796194e-03	2.807462e-03
3.433086e+00	-2.416816e-04	2.787479e-03	2.797936e-03
3.438083e+00	-2.320277e-04	2.778979e-03	2.788648e-03
3.443080e+00	-2.223245e-04	2.770695e-03	2.779601e-03
3.448078e+00	-2.125759e-04	2.762628e-03	2.770795e-03
3.453075e+00	-2.027861e-04	2.754779e-03	2.762232e-03
3.458072e+00	-1.929591e-04	2.747146e-03	2.753914e-03
3.463069e+00	-1.830992e-04	2.739731e-03	2.745842e-03
3.468067e+00	-1.732102e-04	2.732533e-03	2.738018e-03
3.473064e+00	-1.632965e-04	2.725553e-03	2.730441e-03
3.478061e+00	-1.533619e-04	2.718791e-03	2.723113e-03
3.483058e+00	-1.434106e-04	2.712246e-03	2.716035e-03
3.488055e+00	-1.334466e-04	2.705918e-03	2.709207e-03
3.493053e+00	-1.234740e-04	2.699807e-03	2.702629e-03
3.498050e+00	-1.134968e-04	2.693913e-03	2.696303e-03
3.503047e+00	-1.035190e-04	2.688235e-03	2.690227e-03
3.508044e+00	-9.354455e-05	2.682772e-03	2.684402e-03
3.513041e+00	-8.357753e-05	2.677524e-03	2.678828e-03
3.518039e+00	-7.362185e-05	2.672491e-03	2.673505e-03
3.523036e+00	-6.368145e-05	2.667671e-03	2.668431e-03
3.528033e+00	-5.376025e-05	2.663064e-03	2.663606e-03
3.533030e+00	-4.386214e-05	2.658668e-03	2.659030e-03
3.538028e+00	-3.399099e-05	2.654484e-03	2.654701e-03
3.543025e+00	-2.415063e-05	2.650509e-03	2.650619e-03
3.548022e+00	-1.434489e-05	2.646743e-03	2.646782e-03
3.553019e+00	-4.577542e-06	2.643184e-03	2.643188e-03
3.558016e+00	5.147659e-06	2.639832e-03	2.639837e-03
3.563014e+00	1.482699e-05	2.636684e-03	2.636726e-03
3.568011e+00	2.445676e-05	2.633740e-03	2.633854e-03
3.573008e+00	3.403332e-05	2.630998e-03	2.631218e-03
3.578005e+00	4.355305e-05	2.628456e-03	2.628817e-03
3.583002e+00	5.301237e-05	2.626113e-03	2.626648e-03
3.588000e+00	6.240774e-05	2.623967e-03	2.624709e-03
3.592997e+00	7.173564e-05	2.622017e-03	2.622998e-03
3.597994e+00	8.099263e-05	2.620260e-03	2.621512e-03
3.602991e+00	9.017527e-05	2.618695e-03	2.620248e-03
3.607989e+00	9.928020e-05	2.617320e-03	2.619203e-03
3.612986e+00	1.083041e-04	2.616133e-03	2.618374e-03
3.617983e+00	1.172436e-04	2.615131e-03	2.617758e-03
3.622980e+00	1.260955e-04	2.614313e-03	2.617353e-03
3.627977e+00	1.348567e-04	2.613677e-03	2.617154e-03
3.632975e+00	1.435239e-04	2.613220e-03	2.617158e-03
3.637972e+00	1.520941e-04	2.612940e-03	2.617362e-03
3.642969e+00	1.605643e-04	2.612834e-03	2.617763e-03
3.647966e+00	1.689313e-04	2.612900e-03	2.618356e-03
3.652963e+00	1.771924e-04	2.613137e-03	2.619137e-03
3.657961e+00	1.853445e-04	2.613540e-03	2.620104e-03
3.662958e+00	1.933849e-04	2.614109e-03	2.621252e-03
3.667955e+00	2.013108e-04	2.614839e-03	2.622577e-03
3.672952e+00	2.091195e-04	2.615729e-03	2.624075e-03
3.677950e+00	2.168082e-04	2.616775e-03	2.625742e-03
3.682947e+00	2.243745e-04	2.617976e-03	2.627573e-03
3.687944e+00	2.318156e-04	2.619328e-03	2.629566e-03
3.692941e+00	2.391292e-04	2.620828e-03	2.631715e-03
3.697938e+00	2.463128e-04	2.622473e-03	2.634015e-03
3.702936e+00	2.533641e-04	2.624262e-03	2.636464e-03
3.707933e+00	2.602807e-04	2.626189e-03	2.639056e-03
3.712930e+00	2.670603e-04	2.628254e-03	2.641787e-03
3.717927e+00	2.737008e-04	2.630452e-03	2.644653e-03
3.722924e+00	2.802001e-04	2.632780e-03	2.647649e-03
3.727922e+00	2.865562e-04	2.635236e-03	2.650770e-03
3.732919e+00	2.927669e-04	2.637816e-03	2.654013e-03
3.737916e+00	2.988304e-04	2.640517e-03	2.657373e-03
3.742913e+00	3.047449e-04	2.643336e-03	2.660844e-03
3.747911e+00	3.105085e-04	2.646269e-03	2.664424e-03
3.752908e+00	3.161194e-04	2.649314e-03	2.668107e-03
3.757905e+00	3.215762e-04	2.652467e-03	2.671889e-03
3.762902e+00	3.268770e-04	2.655725e-03	2.675766e-03
3.767899e+00	3.320205e-04	2.659084e-03	2.679732e-03
3.772897e+00	3.370052e-04	2.662541e-03	2.683784e-03
3.777894e+00	3.418296e-04	2.666092e-03	2.687916e-03
3.782891e+00	3.464924e-04	2.669735e-03	2.692126e-03
3.787888e+00	3.509924e-04	2.673466e-03	2.696408e-03
3.792885e+00	3.553284e-04	2.677281e-03	2.700757e-03
3.797883e+00	3.594993e-04	2.681176e-03	2.705170e-03
3.802880e+00	3.635041e-04	2.685150e-03	2.709643e-03
3.807877e+00	3.673417e-04	2.689197e-03	2.714170e-03
3.812874e+00	3.710112e-04	2.693314e-03	2.718748e-03
3.817872e+00	3.745119e-04	2.697499e-03	2.723373e-03
3.822869e+00	3.778430e-04	2.701747e-03	2.728040e-03
3.827866e+00	3.810036e-04	2.706054e-03	2.732745e-03
3.832863e+00	3.839934e-04	2.710418e-03	2.737484e-03
3.837860e+00	3.868116e-04	2.714835e-03	2.742253e-03
3.842858e+00	3.894578e-04	2.719301e-03	2.747049e-03
3.847855e+00	3.919315e-04	2.723813e-03	2.751866e-03
3.852852e+00	3.942325e-04	2.728367e-03	2.756702e-03
3.857849e+00	3.963604e-04	2.732959e-03	2.761552e-03
3.862846e+00	3.983151e-04	2.737587e-03	2.766412e-03
3.867844e+00	4.000964e-04	2.742246e-03	2.771279e-03
3.872841e+00	4.017043e-04	2.746933e-03	2.776149e-03
3.877838e+00	4.031387e-04	2.751644e-03	2.781019e-03
3.882835e+00	4.043997e-04	2.756376e-03	2.785884e-03
3.887833e+00	4.054874e-04	2.761126e-03	2.790741e-03
3.892830e+00	4.064022e-04	2.765889e-03	2.795587e-03
3.897827e+00	4.071441e-04	2.770663e-03	2.800418e-03
3.902824e+00	4.077137e-04	2.775444e-03	2.805231e-03
3.907821e+00	4.081112e-04	2.780228e-03	2.810022e-03
3.912819e+00	4.083373e-04	2.785012e-03	2.814788e-03
3.917816e+00	4.083923e-04	2.789793e-03	2.819526e-03
3.922813e+00	4.082770e-04	2.794567e-03	2.824233e-03
3.927810e+00	4.079920e-04	2.799330e-03	2.828906e-03
3.932807e+00	4.075380e-04	2.804080e-03	2.833541e-03
3.937805e+00	4.069159e-04	2.808813e-03	2.838135e-03
3.942802e+00	4.061265e-04	2.813525e-03	2.842686e-03
3.947799e+00	4.051708e-04	2.818214e-03	2.847191e-03
3.952796e+00	4.040498e-04	2.822876e-03	2.851646e-03
3.957794e+00	4.027644e-04	2.827508e-03	2.856049e-03
3.962791e+00	4.013159e-04	2.832106e-03	2.860398e-03
3.967788e+00	3.997055e-04	2.836667e-03	2.864689e-03
3.972785e+00	3.979342e-04	2.841189e-03	2.868920e-03
3.977782e+00	3.960036e-04	2.845667e-03	2.873089e-03
3.982780e+00	3.939149e-04	2.850100e-03	2.877193e-03
3.987777e+00	3.916695e-04	2.854483e-03	2.881229e-03
3.992774e+00	3.892690e-04	2.858814e-03	2.885195e-03
3.997771e+00	3.867148e-04	2.863090e-03	2.889088e-03
4.002768e+00	3.840086e-04	2.867307e-03	2.892908e-03
4.007766e+00	3.811520e-04	2.871464e-03	2.896650e-03
4.012763e+00	3.781467e-04	2.875556e-03	2.900313e-03
4.017760e+00	3.749945e-04	2.879581e-03	2.903896e-03
4.022757e+00	3.716971e-04	2.883537e-03	2.907395e-03
4.027755e+00	3.682564e-04	2.887420e-03	2.910809e-03
4.032752e+00	3.646743e-04	2.891228e-03	2.914136e-03
4.037749e+00	3.609528e-04	2.894958e-03	2.917374e-03
4.042746e+00	3.570940e-04	2.898607e-03	2.920521e-03
4.047743e+00	3.530997e-04	2.902174e-03	2.923575e-03
4.052741e+00	3.489723e-04	2.905654e-03	2.926535e-03
4.057738e+00	3.447137e-04	2.909046e-03	2.929399e-03
4.062735e+00	3.403262e-04	2.912347e-03	2.932165e-03
4.067732e+00	3.358121e-04	2.915555e-03	2.934831e-03
4.072729e+00	3.311735e-04	2.918668e-03	2.937397e-03
4.077727e+00	3.264130e-04	2.921683e-03	2.939860e-03
4.082724e+00	3.215327e-04	2.924598e-03	2.942219e-03
4.087721e+00	3.165351e-04	2.927410e-03	2.944473e-03
4.092718e+00	3.114227e-04	2.930118e-03	2.946621e-03
4.097716e+00	3.061979e-04	2.932719e-03	2.948660e-03
4.102713e+00	3.008633e-04	2.935212e-03	2.950591e-03
4.107710e+00	2.954213e-04	2.937594e-03	2.952411e-03
4.112707e+00	2.898747e-04	2.939863e-03	2.954119e-03
4.117704e+00	2.842260e-04	2.942018e-03	2.955715e-03
4.122702e+00	2.784778e-04	2.944056e-03	2.957198e-03
4.127699e+00	2.726329e-04	2.945977e-03	2.958565e-03
4.132696e+00	2.666940e-04	2.947777e-03	2.959817e-03
4.137693e+00	2.606638e-04	2.949456e-03	2.960952e-03
4.142690e+00	2.545450e-04	2.951012e-03	2.961970e-03
4.147688e+00	2.483406e-04	2.952443e-03	2.962869e-03
4.152685e+00	2.420532e-04	2.953748e-03	2.963649e-03
4.157682e+00	2.356858e-04	2.954925e-03	2.964310e-03
4.162679e+00	2.292412e-04	2.955974e-03	2.964849e-03
4.167677e+00	2.227223e-04	2.956892e-03	2.965268e-03
4.172674e+00	2.161320e-04	2.957678e-03	2.965564e-03
4.177671e+00	2.094732e-04	2.958332e-03	2.965739e-03
4.182668e+00	2.027490e-04	2.958851e-03	2.965790e-03
4.187665e+00	1.959622e-04	2.959236e-03	2.965717e-03
4.192663e+00	1.891158e-04	2.959485e-03	2.965521e-03
4.197660e+00	1.822129e-04	2.959597e-03	2.965201e-03
4.202657e+00	1.752564e-04	2.959571e-03	2.964755e-03
4.207654e+00	1.682493e-04	2.959406e-03	2.964185e-03
4.212651e+00	1.611948e-04	2.959102e-03	2.963489e-03
4.217649e+00	1.540957e-04	2.958658e-03	2.962668e-03
4.222646e+00	1.469553e-04	2.958073e-03	2.961721e-03
4.227643e+00	1.397764e-04	2.957346e-03	2.960648e-03
4.232640e+00	1.325623e-04	2.956478e-03	2.959449e-03
4.237638e+00	1.253159e-04	2.955468e-03	2.958123e-03
4.242635e+00	1.180403e-04	2.954314e-03	2.956671e-03
4.247632e+00	1.107385e-04	2.953018e-03	2.955093e-03
4.252629e+00	1.034138e-04	2.951578e-03	2.953389e-03
4.257626e+00	9.606902e-05	2.949994e-03	2.951558e-03
4.262624e+00	8.870735e-05	2.948267e-03	2.949602e-03
4.267621e+00	8.133183e-05	2.946396e-03	2.947519e-03
4.272618e+00	7.394551e-05	2.944382e-03	2.945310e-03
4.277615e+00	6.655146e-05	2.942223e-03	2.942976e-03
4.282612e+00	5.915272e-05	2.939921e-03	2.940516e-03
4.287610e+00	5.175233e-05	2.937475e-03	2.937931e-03
4.292607e+00	4.435332e-05	2.934886e-03	2.935221e-03
4.297604e+00	3.695871e-05	2.932154e-03	2.932387e-03
4.302601e+00	2.957151e-05	2.929279e-03	2.929428e-03
4.307599e+00	2.219472e-05	2.926261e-03	2.926346e-03
4.312596e+00	1.483132e-05	2.923102e-03	2.923140e-03
4.317593e+00	7.484280e-06	2.919802e-03	2.919811e-03
4.322590e+00	1.565532e-07	2.916360e-03	2.916360e-03
4.327587e+00	-7.148926e-06	2.912779e-03	2.912788e-03
4.332585e+00	-1.442924e-05	2.909058e-03	2.909094e-03
4.337582e+00	-2.168149e-05	2.905198e-03	2.905279e-03
4.342579e+00	-2.890280e-05	2.901201e-03	2.901345e-03
4.347576e+00	-3.609031e-05	2.897066e-03	2.897291e-03
4.352573e+00	-4.324118e-05	2.892795e-03	2.893118e-03
4.357571e+00	-5.035262e-05	2.888389e-03	2.888828e-03
4.362568e+00	-5.742183e-05	2.883849e-03	2.884420e-03
4.367565e+00	-6.444605e-05	2.879175e-03	2.879896e-03
4.372562e+00	-7.142255e-05	2.874370e-03	2.875257e-03
4.377560e+00	-7.834862e-05	2.869434e-03	2.870503e-03
4.382557e+00	-8.522159e-05	2.864368e-03	2.865636e-03
4.387554e+00	-9.203881e-05	2.859174e-03	2.860655e-03
4.392551e+00	-9.879766e-05	2.853853e-03	2.855563e-03
4.397548e+00	-1.054956e-04	2.848407e-03	2.850360e-03
4.402546e+00	-1.121300e-04	2.842836e-03	2.845047e-03
4.407543e+00	-1.186983e-04	2.837143e-03	2.839625e-03
4.412540e+00	-1.251982e-04	2.831329e-03	2.834096e-03
4.417537e+00	-1.316271e-04	2.825395e-03	2.828459e-03
4.422534e+00	-1.379826e-04	2.819343e-03	2.822718e-03
4.427532e+00	-1.442624e-04	2.813175e-03	2.816872e-03
4.432529e+00	-1.504642e-04	2.806893e-03	2.810923e-03
4.437526e+00	-1.565855e-04	2.800498e-03	2.804872e-03
4.442523e+00	-1.626242e-04	2.793992e-03	2.798720e-03
4.447521e+00	-1.685780e-04	2.787376e-03	2.792469e-03
4.452518e+00	-1.744448e-04	2.780654e-03	2.786120e-03
4.457515e+00	-1.802224e-04	2.773826e-03	2.779675e-03
4.462512e+00	-1.859087e-04	2.766895e-03	2.773134e-03
4.467509e+00	-1.915018e-04	2.759863e-03	2.766499e-03
4.472507e+00	-1.969995e-04	2.752731e-03	2.759771e-03
4.477504e+00	-2.023999e-04	2.745502e-03	2.752953e-03
4.482501e+00	-2.077011e-04	2.738178e-03	2.746044e-03
4.487498e+00	-2.129012e-04	2.730761e-03	2.739048e-03
4.492495e+00	-2.179984e-04	2.723254e-03	2.731965e-03
4.497493e+00	-2.229909e-04	2.715658e-03	2.724797e-03
4.502490e+00	-2.278771e-04	2.707975e-03	2.717546e-03
4.507487e+00	-2.326551e-04	2.700209e-03	2.710213e-03
4.512484e+00	-2.373234e-04	2.692360e-03	2.702800e-03
4.517482e+00	-2.418804e-04	2.684433e-03	2.695308e-03
4.522479e+00	-2.463246e-04	2.676428e-03	2.687740e-03
4.527476e+00	-2.506545e-04	2.668349e-03	2.680096e-03
4.532473e+00	-2.548686e-04	2.660198e-03	2.672379e-03
4.537470e+00	-2.589655e-04	2.651977e-03	2.664591e-03
4.542468e+00	-2.629440e-04	2.643689e-03	2.656733e-03
4.547465e+00	-2.668028e-04	2.635336e-03	2.648807e-03
4.552462e+00	-2.705406e-04	2.626920e-03	2.640815e-03
4.557459e+00	-2.741563e-04	2.618445e-03	2.632758e-03
4.562456e+00	-2.776487e-04	2.609913e-03	2.624640e-03
4.567454e+00	-2.810168e-04	2.601326e-03	2.616461e-03
4.572451e+00	-2.842595e-04	2.592687e-03	2.608224e-03
4.577448e+00	-2.873760e-04	2.583999e-03	2.599930e-03
4.582445e+00	-2.903652e-04	2.575264e-03	2.591582e-03
4.587443e+00	-2.932265e-04	2.566484e-03	2.583181e-03
4.592440e+00	-2.959589e-04	2.557664e-03	2.574730e-03
4.597437e+00	-2.985617e-04	2.548804e-03	2.566231e-03
4.602434e+00	-3.010342e-04	2.539908e-03	2.557685e-03
4.607431e+00	-3.033758e-04	2.530979e-03	2.549096e-03
4.612429e+00	-3.055860e-04	2.522018e-03	2.540464e-03
4.617426e+00	-3.076642e-04	2.513030e-03	2.531793e-03
4.622423e+00	-3.096099e-04	2.504016e-03	2.523084e-03
4.627420e+00	-3.114228e-04	2.494979e-03	2.514340e-03
4.632417e+00	-3.131024e-04	2.485923e-03	2.505563e-03
4.637415e+00	-3.146486e-04	2.476849e-03	2.496754e-03
4.642412e+00	-3.160609e-04	2.467760e-03	2.487918e-03
4.647409e+00	-3.173393e-04	2.458660e-03	2.479054e-03
4.652406e+00	-3.184836e-04	2.449550e-03	2.470167e-03
4.657404e+00	-3.194938e-04	2.440434e-03	2.461258e-03
4.662401e+00	-3.203697e-04	2.431314e-03	2.452330e-03
4.667398e+00	-3.211115e-04	2.422193e-03	2.443385e-03
4.672395e+00	-3.217192e-04	2.413073e-03	2.434425e-03
4.677392e+00	-3.221930e-04	2.403958e-03	2.425453e-03
4.682390e+00	-3.225331e-04	2.394850e-03	2.416471e-03
4.687387e+00	-3.227396e-04	2.385751e-03	2.407482e-03
4.692384e+00	-3.228130e-04	2.376665e-03	2.398488e-03
4.697381e+00	-3.227535e-04	2.367594e-03	2.389492e-03
4.702378e+00	-3.225617e-04	2.358541e-03	2.380496e-03
4.707376e+00	-3.222378e-04	2.349508e-03	2.371503e-03
4.712373e+00	-3.217825e-04	2.340498e-03	2.362514e-03
4.717370e+00	-3.211963e-04	2.331513e-03	2.353533e-03
4.722367e+00	-3.204798e-04	2.322556e-03	2.344563e-03
4.727365e+00	-3.196338e-04	2.313631e-03	2.335605e-03
4.732362e+00	-3.186588e-04	2.304738e-03	2.326663e-03
4.737359e+00	-3.175558e-04	2.295881e-03	2.317739e-03
4.742356e+00	-3.163254e-04	2.287063e-03	2.308835e-03
4.747353e+00	-3.149687e-04	2.278285e-03	2.299954e-03
4.752351e+00	-3.134865e-04	2.269550e-03	2.291099e-03
4.757348e+00	-3.118797e-04	2.260862e-03	2.282272e-03
4.762345e+00	-3.101494e-04	2.252221e-03	2.273476e-03
4.767342e+00	-3.082967e-04	2.243631e-03	2.264714e-03
4.772339e+00	-3.063226e-04	2.235094e-03	2.255988e-03
4.777337e+00	-3.042284e-04	2.226613e-03	2.247301e-03
4.782334e+00	-3.020152e-04	2.218189e-03	2.238655e-03
4.787331e+00	-2.996843e-04	2.209825e-03	2.230053e-03
4.792328e+00	-2.972369e-04	2.201523e-03	2.221498e-03
4.797325e+00	-2.946745e-04	2.193286e-03	2.212992e-03
4.802323e+00	-2.919984e-04	2.185115e-03	2.204539e-03
4.807320e+00	-2.892099e-04	2.177013e-03	2.196140e-03
4.812317e+00	-2.863107e-04	2.168983e-03	2.187798e-03
4.817314e+00	-2.833021e-04	2.161025e-03	2.179516e-03
4.822312e+00	-2.801858e-04	2.153143e-03	2.171296e-03
4.827309e+00	-2.769633e-04	2.145338e-03	2.163142e-03
4.832306e+00	-2.736363e-04	2.137612e-03	2.155055e-03
4.837303e+00	-2.702064e-04	2.129968e-03	2.147038e-03
4.842300e+00	-2.666753e-04	2.122406e-03	2.139094e-03
4.847298e+00	-2.630448e-04	2.114930e-03	2.131226e-03
4.852295e+00	-2.593167e-04	2.107541e-03	2.123435e-03
4.857292e+00	-2.554927e-04	2.100241e-03	2.115724e-03
4.862289e+00	-2.515746e-04	2.093031e-03	2.108096e-03
4.867286e+00	-2.475645e-04	2.085914e-03	2.100554e-03
4.872284e+00	-2.434642e-04	2.078891e-03	2.093099e-03
4.877281e+00	-2.392756e-04	2.071963e-03	2.085734e-03
4.882278e+00	-2.350007e-04	2.065133e-03	2.078461e-03
4.887275e+00	-2.306415e-04	2.058402e-03	2.071283e-03
4.892273e+00	-2.262001e-04	2.051771e-03	2.064203e-03
4.897270e+00	-2.216785e-04	2.045243e-03	2.057221e-03
4.902267e+00	-2.170788e-04	2.038818e-03	2.050342e-03
4.907264e+00	-2.124031e-04	2.032497e-03	2.043566e-03
4.912261e+00	-2.076535e-04	2.026283e-03	2.036896e-03
4.917259e+00	-2.028324e-04	2.020177e-03	2.030334e-03
4.922256e+00	-1.979417e-04	2.014179e-03	2.023882e-03
4.927253e+00	-1.929837e-04	2.008291e-03	2.017542e-03
4.932250e+00	-1.879608e-04	2.002515e-03	2.011317e-03
4.937247e+00	-1.828750e-04	1.996851e-03	2.005208e-03
4.942245e+00	-1.777288e-04	1.991301e-03	1.999216e-03
4.947242e+00	-1.725243e-04	1.985865e-03	1.993345e-03
4.952239e+00	-1.672640e-04	1.980544e-03	1.987595e-03
4.957236e+00	-1.619501e-04	1.975340e-03	1.981968e-03
4.962234e+00	-1.565849e-04	1.970254e-03	1.976466e-03
4.967231e+00	-1.511709e-04	1.965285e-03	1.971091e-03
4.972228e+00	-1.457104e-04	1.960436e-03	1.965843e-03
4.977225e+00	-1.402059e-04	1.955706e-03	1.960726e-03
4.982222e+00	-1.346596e-04	1.951097e-03	1.955738e-03
4.987220e+00	-1.290740e-04	1.946609e-03	1.950884e-03
4.992217e+00	-1.234516e-04	1.942243e-03	1.946162e-03
4.997214e+00	-1.177947e-04	1.937999e-03	1.941575e-03
