# Frequency [GHz]	Re(Z) [Ohm/m]	Im(Z) [Ohm/m]	|Z| [Ohm/m]
0.000000e+00	3.813527e-01	0.000000e+00	3.813527e-01
4.997214e-03	3.813179e-01	-4.782877e-03	3.813478e-01
9.994428e-03	3.812134e-01	-9.564650e-03	3.813334e-01
1.499164e-02	3.810393e-01	-1.434422e-02	3.813092e-01
1.998886e-02	3.807957e-01	-1.912048e-02	3.812754e-01
2.498607e-02	3.804826e-01	-2.389233e-02	3.812320e-01
2.998328e-02	3.801000e-01	-2.865867e-02	3.811789e-01
3.498050e-02	3.796482e-01	-3.341841e-02	3.811161e-01
3.997771e-02	3.791271e-01	-3.817044e-02	3.810438e-01
4.497493e-02	3.785370e-01	-4.291368e-02	3.809617e-01
4.997214e-02	3.778780e-01	-4.764702e-02	3.808701e-01
5.496935e-02	3.771502e-01	-5.236939e-02	3.807688e-01
5.996657e-02	3.763540e-01	-5.707970e-02	3.806579e-01
6.496378e-02	3.754894e-01	-6.177686e-02	3.805373e-01
6.996100e-02	3.745567e-01	-6.645980e-02	3.804072e-01
7.495821e-02	3.735561e-01	-7.112744e-02	3.802674e-01
7.995542e-02	3.724880e-01	-7.577871e-02	3.801181e-01
8.495264e-02	3.713526e-01	-8.041255e-02	3.799591e-01
8.994985e-02	3.701502e-01	-8.502790e-02	3.797906e-01
9.494707e-02	3.688811e-01	-8.962371e-02	3.796125e-01
9.994428e-02	3.675456e-01	-9.419892e-02	3.794248e-01
1.049415e-01	3.661441e-01	-9.875249e-02	3.792276e-01
1.099387e-01	3.646771e-01	-1.032834e-01	3.790209e-01
1.149359e-01	3.631447e-01	-1.077906e-01	3.788046e-01
1.199331e-01	3.615476e-01	-1.122730e-01	3.785788e-01
1.249304e-01	3.598860e-01	-1.167298e-01	3.783435e-01
1.299276e-01	3.581604e-01	-1.211597e-01	3.780986e-01
1.349248e-01	3.563714e-01	-1.255620e-01	3.778444e-01
1.399220e-01	3.545192e-01	-1.299354e-01	3.775806e-01
1.449192e-01	3.526046e-01	-1.342792e-01	3.773074e-01
1.499164e-01	3.506278e-01	-1.385922e-01	3.770247e-01
1.549136e-01	3.485895e-01	-1.428736e-01	3.767327e-01
1.599108e-01	3.464902e-01	-1.471223e-01	3.764312e-01
1.649081e-01	3.443305e-01	-1.513374e-01	3.761203e-01
1.699053e-01	3.421108e-01	-1.555181e-01	3.758001e-01
1.749025e-01	3.398319e-01	-1.596632e-01	3.754705e-01
1.798997e-01	3.374943e-01	-1.637720e-01	3.751315e-01
1.848969e-01	3.350985e-01	-1.678436e-01	3.747833e-01
1.898941e-01	3.326453e-01	-1.718769e-01	3.744257e-01
1.948913e-01	3.301353e-01	-1.758712e-01	3.740588e-01
1.998886e-01	3.275691e-01	-1.798256e-01	3.736827e-01
2.048858e-01	3.249474e-01	-1.837392e-01	3.732974e-01
2.098830e-01	3.222709e-01	-1.876111e-01	3.729028e-01
2.148802e-01	3.195403e-01	-1.914405e-01	3.724990e-01
2.198774e-01	3.167563e-01	-1.952266e-01	3.720860e-01
2.248746e-01	3.139197e-01	-1.989686e-01	3.716639e-01
2.298718e-01	3.110310e-01	-2.026656e-01	3.712326e-01
2.348691e-01	3.080913e-01	-2.063169e-01	3.707923e-01
2.398663e-01	3.051011e-01	-2.099217e-01	3.703428e-01
2.448635e-01	3.020612e-01	-2.134793e-01	3.698843e-01
2.498607e-01	2.989725e-01	-2.169888e-01	3.694167e-01
2.548579e-01	2.958358e-01	-2.204495e-01	3.689401e-01
2.598551e-01	2.926519e-01	-2.238608e-01	3.684546e-01
2.648523e-01	2.894215e-01	-2.272219e-01	3.679600e-01
2.698496e-01	2.861456e-01	-2.305321e-01	3.674566e-01
2.748468e-01	2.828249e-01	-2.337907e-01	3.669442e-01
2.798440e-01	2.794604e-01	-2.369971e-01	3.664229e-01
2.848412e-01	2.760529e-01	-2.401507e-01	3.658928e-01
2.898384e-01	2.726032e-01	-2.432507e-01	3.653539e-01
2.948356e-01	2.691124e-01	-2.462966e-01	3.648061e-01
2.998328e-01	2.655812e-01	-2.492878e-01	3.642496e-01
3.048301e-01	2.620106e-01	-2.522236e-01	3.636844e-01
3.098273e-01	2.584015e-01	-2.551036e-01	3.631104e-01
3.148245e-01	2.547548e-01	-2.579271e-01	3.625278e-01
3.198217e-01	2.510715e-01	-2.606935e-01	3.619365e-01
3.248189e-01	2.473525e-01	-2.634025e-01	3.613366e-01
3.298161e-01	2.435987e-01	-2.660534e-01	3.607281e-01
3.348133e-01	2.398112e-01	-2.686458e-01	3.601111e-01
3.398106e-01	2.359908e-01	-2.711793e-01	3.594856e-01
3.448078e-01	2.321386e-01	-2.736532e-01	3.588515e-01
3.498050e-01	2.282556e-01	-2.760672e-01	3.582091e-01
3.548022e-01	2.243426e-01	-2.784210e-01	3.575582e-01
3.597994e-01	2.204008e-01	-2.807139e-01	3.568989e-01
3.647966e-01	2.164311e-01	-2.829458e-01	3.562313e-01
3.697938e-01	2.124345e-01	-2.851161e-01	3.555554e-01
3.747911e-01	2.084120e-01	-2.872246e-01	3.548712e-01
3.797883e-01	2.043647e-01	-2.892709e-01	3.541787e-01
3.847855e-01	2.002936e-01	-2.912546e-01	3.534781e-01
3.897827e-01	1.961996e-01	-2.931755e-01	3.527693e-01
3.947799e-01	1.920839e-01	-2.950333e-01	3.520524e-01
3.997771e-01	1.879474e-01	-2.968277e-01	3.513274e-01
4.047743e-01	1.837912e-01	-2.985585e-01	3.505943e-01
4.097716e-01	1.796164e-01	-3.002253e-01	3.498533e-01
4.147688e-01	1.754239e-01	-3.018281e-01	3.491042e-01
4.197660e-01	1.712149e-01	-3.033666e-01	3.483472e-01
4.247632e-01	1.669903e-01	-3.048406e-01	3.475824e-01
4.297604e-01	1.627512e-01	-3.062499e-01	3.468097e-01
4.347576e-01	1.584987e-01	-3.075945e-01	3.460292e-01
4.397548e-01	1.542338e-01	-3.088741e-01	3.452409e-01
4.447521e-01	1.499576e-01	-3.100887e-01	3.444449e-01
4.497493e-01	1.456711e-01	-3.112382e-01	3.436412e-01
4.547465e-01	1.413754e-01	-3.123225e-01	3.428299e-01
4.597437e-01	1.370715e-01	-3.133415e-01	3.420110e-01
4.647409e-01	1.327605e-01	-3.142952e-01	3.411845e-01
4.697381e-01	1.284435e-01	-3.151837e-01	3.403505e-01
4.747353e-01	1.241215e-01	-3.160068e-01	3.395091e-01
4.797325e-01	1.197955e-01	-3.167645e-01	3.386602e-01
4.847298e-01	1.154666e-01	-3.174570e-01	3.378040e-01
4.897270e-01	1.111359e-01	-3.180843e-01	3.369404e-01
4.947242e-01	1.068043e-01	-3.186464e-01	3.360695e-01
4.997214e-01	1.024731e-01	-3.191435e-01	3.351914e-01
5.047186e-01	9.814307e-02	-3.195756e-01	3.343061e-01
5.097158e-01	9.381540e-02	-3.199428e-01	3.334137e-01
5.147130e-01	8.949108e-02	-3.202453e-01	3.325142e-01
5.197103e-01	8.517116e-02	-3.204832e-01	3.316076e-01
5.247075e-01	8.085667e-02	-3.206567e-01	3.306940e-01
5.297047e-01	7.654861e-02	-3.207661e-01	3.297735e-01
5.347019e-01	7.224803e-02	-3.208114e-01	3.288461e-01
5.396991e-01	6.795592e-02	-3.207929e-01	3.279118e-01
5.446963e-01	6.367331e-02	-3.207110e-01	3.269707e-01
5.496935e-01	5.940119e-02	-3.205657e-01	3.260228e-01
5.546908e-01	5.514056e-02	-3.203574e-01	3.250682e-01
5.596880e-01	5.089242e-02	-3.200864e-01	3.241070e-01
5.646852e-01	4.665776e-02	-3.197530e-01	3.231392e-01
5.696824e-01	4.243755e-02	-3.193575e-01	3.221648e-01
5.746796e-01	3.823277e-02	-3.189002e-01	3.211839e-01
5.796768e-01	3.404439e-02	-3.183816e-01	3.201966e-01
5.846740e-01	2.987337e-02	-3.178019e-01	3.192028e-01
5.896713e-01	2.572065e-02	-3.171615e-01	3.182027e-01
5.946685e-01	2.158718e-02	-3.164609e-01	3.171964e-01
5.996657e-01	1.747390e-02	-3.157005e-01	3.161837e-01
6.046629e-01	1.338174e-02	-3.148807e-01	3.151649e-01
6.096601e-01	9.311610e-03	-3.140019e-01	3.141400e-01
6.146573e-01	5.264427e-03	-3.130647e-01	3.131089e-01
6.196545e-01	1.241091e-03	-3.120694e-01	3.120719e-01
6.246518e-01	-2.757508e-03	-3.110166e-01	3.110288e-01
6.296490e-01	-6.730485e-03	-3.099068e-01	3.099799e-01
6.346462e-01	-1.067697e-02	-3.087405e-01	3.089251e-01
6.396434e-01	-1.459610e-02	-3.075182e-01	3.078644e-01
6.446406e-01	-1.848702e-02	-3.062406e-01	3.067981e-01
6.496378e-01	-2.234890e-02	-3.049080e-01	3.057260e-01
6.546350e-01	-2.618089e-02	-3.035212e-01	3.046483e-01
6.596323e-01	-2.998219e-02	-3.020807e-01	3.035650e-01
6.646295e-01	-3.375197e-02	-3.005871e-01	3.024761e-01
6.696267e-01	-3.748946e-02	-2.990410e-01	3.013818e-01
6.746239e-01	-4.119385e-02	-2.974431e-01	3.002821e-01
6.796211e-01	-4.486438e-02	-2.957940e-01	2.991770e-01
6.846183e-01	-4.850028e-02	-2.940943e-01	2.980667e-01
6.896155e-01	-5.210081e-02	-2.923447e-01	2.969510e-01
6.946128e-01	-5.566523e-02	-2.905459e-01	2.958303e-01
6.996100e-01	-5.919282e-02	-2.886986e-01	2.947043e-01
7.046072e-01	-6.268285e-02	-2.868034e-01	2.935733e-01
7.096044e-01	-6.613464e-02	-2.848610e-01	2.924374e-01
7.146016e-01	-6.954750e-02	-2.828723e-01	2.912964e-01
7.195988e-01	-7.292076e-02	-2.808379e-01	2.901506e-01
7.245960e-01	-7.625376e-02	-2.787585e-01	2.889999e-01
7.295933e-01	-7.954585e-02	-2.766350e-01	2.878445e-01
7.345905e-01	-8.279641e-02	-2.744680e-01	2.866844e-01
7.395877e-01	-8.600481e-02	-2.722583e-01	2.855196e-01
7.445849e-01	-8.917046e-02	-2.700068e-01	2.843502e-01
7.495821e-01	-9.229276e-02	-2.677141e-01	2.831763e-01
7.545793e-01	-9.537114e-02	-2.653812e-01	2.819979e-01
7.595765e-01	-9.840505e-02	-2.630088e-01	2.808152e-01
7.645738e-01	-1.013939e-01	-2.605976e-01	2.796280e-01
7.695710e-01	-1.043373e-01	-2.581486e-01	2.784366e-01
7.745682e-01	-1.072345e-01	-2.556626e-01	2.772410e-01
7.795654e-01	-1.100852e-01	-2.531403e-01	2.760412e-01
7.845626e-01	-1.128889e-01	-2.505827e-01	2.748374e-01
7.895598e-01	-1.156450e-01	-2.479906e-01	2.736295e-01
7.945570e-01	-1.183531e-01	-2.453648e-01	2.724176e-01
7.995542e-01	-1.210128e-01	-2.427062e-01	2.712018e-01
8.045515e-01	-1.236237e-01	-2.400157e-01	2.699821e-01
8.095487e-01	-1.261854e-01	-2.372941e-01	2.687587e-01
8.145459e-01	-1.286974e-01	-2.345424e-01	2.675316e-01
8.195431e-01	-1.311593e-01	-2.317614e-01	2.663008e-01
8.245403e-01	-1.335709e-01	-2.289519e-01	2.650664e-01
8.295375e-01	-1.359318e-01	-2.261150e-01	2.638285e-01
8.345347e-01	-1.382417e-01	-2.232514e-01	2.625871e-01
8.395320e-01	-1.405001e-01	-2.203622e-01	2.613423e-01
8.445292e-01	-1.427069e-01	-2.174481e-01	2.600941e-01
8.495264e-01	-1.448618e-01	-2.145102e-01	2.588427e-01
8.545236e-01	-1.469645e-01	-2.115492e-01	2.575881e-01
8.595208e-01	-1.490147e-01	-2.085662e-01	2.563303e-01
8.645180e-01	-1.510122e-01	-2.055620e-01	2.550695e-01
8.695152e-01	-1.529569e-01	-2.025376e-01	2.538056e-01
8.745125e-01	-1.548484e-01	-1.994939e-01	2.525388e-01
8.795097e-01	-1.566866e-01	-1.964319e-01	2.512691e-01
8.845069e-01	-1.584714e-01	-1.933523e-01	2.499966e-01
8.895041e-01	-1.602026e-01	-1.902562e-01	2.487213e-01
8.945013e-01	-1.618801e-01	-1.871445e-01	2.474434e-01
8.994985e-01	-1.635037e-01	-1.840181e-01	2.461628e-01
9.044957e-01	-1.650733e-01	-1.808780e-01	2.448797e-01
9.094930e-01	-1.665889e-01	-1.777250e-01	2.435940e-01
9.144902e-01	-1.680504e-01	-1.745601e-01	2.423060e-01
9.194874e-01	-1.694578e-01	-1.713842e-01	2.410155e-01
9.244846e-01	-1.708109e-01	-1.681983e-01	2.397228e-01
9.294818e-01	-1.721098e-01	-1.650033e-01	2.384279e-01
9.344790e-01	-1.733544e-01	-1.618000e-01	2.371308e-01
9.394762e-01	-1.745448e-01	-1.585895e-01	2.358316e-01
9.444735e-01	-1.756811e-01	-1.553726e-01	2.345303e-01
9.494707e-01	-1.767631e-01	-1.521502e-01	2.332271e-01
9.544679e-01	-1.777911e-01	-1.489233e-01	2.319220e-01
9.594651e-01	-1.787650e-01	-1.456928e-01	2.306151e-01
9.644623e-01	-1.796851e-01	-1.424595e-01	2.293064e-01
9.694595e-01	-1.805512e-01	-1.392244e-01	2.279960e-01
9.744567e-01	-1.813637e-01	-1.359885e-01	2.266840e-01
9.794540e-01	-1.821226e-01	-1.327524e-01	2.253705e-01
9.844512e-01	-1.828280e-01	-1.295173e-01	2.240554e-01
9.894484e-01	-1.834802e-01	-1.262839e-01	2.227389e-01
9.944456e-01	-1.840793e-01	-1.230532e-01	2.214210e-01
9.994428e-01	-1.846255e-01	-1.198259e-01	2.201019e-01
1.004440e+00	-1.851191e-01	-1.166031e-01	2.187815e-01
1.009437e+00	-1.855602e-01	-1.133855e-01	2.174600e-01
1.014434e+00	-1.859490e-01	-1.101741e-01	2.161374e-01
1.019432e+00	-1.862860e-01	-1.069696e-01	2.148138e-01
1.024429e+00	-1.865712e-01	-1.037729e-01	2.134892e-01
1.029426e+00	-1.868050e-01	-1.005849e-01	2.121637e-01
1.034423e+00	-1.869877e-01	-9.740638e-02	2.108374e-01
1.039421e+00	-1.871196e-01	-9.423820e-02	2.095103e-01
1.044418e+00	-1.872010e-01	-9.108117e-02	2.081826e-01
1.049415e+00	-1.872323e-01	-8.793609e-02	2.068542e-01
1.054412e+00	-1.872137e-01	-8.480379e-02	2.055253e-01
1.059409e+00	-1.871458e-01	-8.168505e-02	2.041960e-01
1.064407e+00	-1.870288e-01	-7.858067e-02	2.028662e-01
1.069404e+00	-1.868631e-01	-7.549142e-02	2.015360e-01
1.074401e+00	-1.866492e-01	-7.241808e-02	2.002056e-01
1.079398e+00	-1.863874e-01	-6.936142e-02	1.988750e-01
1.084395e+00	-1.860782e-01	-6.632218e-02	1.975443e-01
1.089393e+00	-1.857221e-01	-6.330112e-02	1.962134e-01
1.094390e+00	-1.853194e-01	-6.029897e-02	1.948826e-01
1.099387e+00	-1.848706e-01	-5.731645e-02	1.935519e-01
1.104384e+00	-1.843763e-01	-5.435429e-02	1.922212e-01
1.109382e+00	-1.838369e-01	-5.141319e-02	1.908908e-01
1.114379e+00	-1.832528e-01	-4.849385e-02	1.895607e-01
1.119376e+00	-1.826247e-01	-4.559695e-02	1.882309e-01
1.124373e+00	-1.819530e-01	-4.272318e-02	1.869015e-01
1.129370e+00	-1.812382e-01	-3.987318e-02	1.855725e-01
1.134368e+00	-1.804810e-01	-3.704763e-02	1.842442e-01
1.139365e+00	-1.796818e-01	-3.424715e-02	1.829164e-01
1.144362e+00	-1.788412e-01	-3.147239e-02	1.815893e-01
1.149359e+00	-1.779598e-01	-2.872397e-02	1.802630e-01
1.154356e+00	-1.770381e-01	-2.600249e-02	1.789375e-01
1.159354e+00	-1.760768e-01	-2.330855e-02	1.776129e-01
1.164351e+00	-1.750765e-01	-2.064273e-02	1.762892e-01
1.169348e+00	-1.740377e-01	-1.800562e-02	1.749666e-01
1.174345e+00	-1.729611e-01	-1.539777e-02	1.736451e-01
1.179343e+00	-1.718472e-01	-1.281972e-02	1.723247e-01
1.184340e+00	-1.706968e-01	-1.027203e-02	1.710056e-01
1.189337e+00	-1.695105e-01	-7.755200e-03	1.696878e-01
1.194334e+00	-1.682889e-01	-5.269758e-03	1.683713e-01
1.199331e+00	-1.670326e-01	-2.816197e-03	1.670563e-01
1.204329e+00	-1.657424e-01	-3.950050e-04	1.657429e-01
1.209326e+00	-1.644189e-01	1.993346e-03	1.644310e-01
1.214323e+00	-1.630627e-01	4.348395e-03	1.631207e-01
1.219320e+00	-1.616747e-01	6.669695e-03	1.618122e-01
1.224317e+00	-1.602553e-01	8.956813e-03	1.605054e-01
1.229315e+00	-1.588054e-01	1.120933e-02	1.592006e-01
1.234312e+00	-1.573257e-01	1.342683e-02	1.578976e-01
1.239309e+00	-1.558168e-01	1.560893e-02	1.565967e-01
1.244306e+00	-1.542795e-01	1.775525e-02	1.552978e-01
1.249304e+00	-1.527144e-01	1.986541e-02	1.540011e-01
1.254301e+00	-1.511224e-01	2.193907e-02	1.527066e-01
1.259298e+00	-1.495040e-01	2.397589e-02	1.514143e-01
1.264295e+00	-1.478601e-01	2.597553e-02	1.501245e-01
1.269292e+00	-1.461914e-01	2.793770e-02	1.488370e-01
1.274290e+00	-1.444987e-01	2.986208e-02	1.475520e-01
1.279287e+00	-1.427825e-01	3.174841e-02	1.462697e-01
1.284284e+00	-1.410438e-01	3.359640e-02	1.449899e-01
1.289281e+00	-1.392832e-01	3.540580e-02	1.437129e-01
1.294278e+00	-1.375015e-01	3.717637e-02	1.424386e-01
1.299276e+00	-1.356995e-01	3.890788e-02	1.411672e-01
1.304273e+00	-1.338778e-01	4.060011e-02	1.398987e-01
1.309270e+00	-1.320374e-01	4.225287e-02	1.386332e-01
1.314267e+00	-1.301788e-01	4.386597e-02	1.373708e-01
1.319265e+00	-1.283028e-01	4.543924e-02	1.361115e-01
1.324262e+00	-1.264104e-01	4.697252e-02	1.348555e-01
1.329259e+00	-1.245020e-01	4.846566e-02	1.336027e-01
1.334256e+00	-1.225787e-01	4.991853e-02	1.323533e-01
1.339253e+00	-1.206410e-01	5.133102e-02	1.311073e-01
1.344251e+00	-1.186898e-01	5.270303e-02	1.298648e-01
1.349248e+00	-1.167258e-01	5.403446e-02	1.286260e-01
1.354245e+00	-1.147498e-01	5.532525e-02	1.273907e-01
1.359242e+00	-1.127625e-01	5.657532e-02	1.261592e-01
1.364239e+00	-1.107647e-01	5.778464e-02	1.249316e-01
1.369237e+00	-1.087572e-01	5.895317e-02	1.237078e-01
1.374234e+00	-1.067407e-01	6.008089e-02	1.224879e-01
1.379231e+00	-1.047160e-01	6.116779e-02	1.212721e-01
1.384228e+00	-1.026837e-01	6.221389e-02	1.200605e-01
1.389226e+00	-1.006447e-01	6.321920e-02	1.188530e-01
1.394223e+00	-9.859973e-02	6.418376e-02	1.176497e-01
1.399220e+00	-9.654950e-02	6.510761e-02	1.164509e-01
1.404217e+00	-9.449475e-02	6.599082e-02	1.152564e-01
1.409214e+00	-9.243623e-02	6.683345e-02	1.140665e-01
1.414212e+00	-9.037466e-02	6.763561e-02	1.128812e-01
1.419209e+00	-8.831079e-02	6.839738e-02	1.117005e-01
1.424206e+00	-8.624533e-02	6.911888e-02	1.105246e-01
1.429203e+00	-8.417901e-02	6.980024e-02	1.093535e-01
1.434200e+00	-8.211255e-02	7.044160e-02	1.081873e-01
1.439198e+00	-8.004665e-02	7.104310e-02	1.070261e-01
1.444195e+00	-7.798204e-02	7.160491e-02	1.058700e-01
1.449192e+00	-7.591940e-02	7.212721e-02	1.047191e-01
1.454189e+00	-7.385945e-02	7.261018e-02	1.035734e-01
1.459187e+00	-7.180286e-02	7.305403e-02	1.024331e-01
1.464184e+00	-6.975034e-02	7.345897e-02	1.012982e-01
1.469181e+00	-6.770256e-02	7.382521e-02	1.001688e-01
1.474178e+00	-6.566019e-02	7.415301e-02	9.904509e-02
1.479175e+00	-6.362391e-02	7.444260e-02	9.792703e-02
1.484173e+00	-6.159438e-02	7.469424e-02	9.681476e-02
1.489170e+00	-5.957225e-02	7.490821e-02	9.570838e-02
1.494167e+00	-5.755817e-02	7.508479e-02	9.460798e-02
1.499164e+00	-5.555279e-02	7.522427e-02	9.351365e-02
1.504161e+00	-5.355674e-02	7.532695e-02	9.242550e-02
1.509159e+00	-5.157065e-02	7.539314e-02	9.134362e-02
1.514156e+00	-4.959513e-02	7.542318e-02	9.026812e-02
1.519153e+00	-4.763081e-02	7.541739e-02	8.919908e-02
1.524150e+00	-4.567827e-02	7.537613e-02	8.813663e-02
1.529148e+00	-4.373813e-02	7.529974e-02	8.708085e-02
1.534145e+00	-4.181097e-02	7.518859e-02	8.603186e-02
1.539142e+00	-3.989736e-02	7.504306e-02	8.498976e-02
1.544139e+00	-3.799788e-02	7.486353e-02	8.395467e-02
1.549136e+00	-3.611309e-02	7.465039e-02	8.292669e-02
1.554134e+00	-3.424354e-02	7.440405e-02	8.190594e-02
1.559131e+00	-3.238978e-02	7.412492e-02	8.089253e-02
1.564128e+00	-3.055234e-02	7.381342e-02	7.988659e-02
1.569125e+00	-2.873174e-02	7.346998e-02	7.888822e-02
1.574122e+00	-2.692851e-02	7.309503e-02	7.789755e-02
1.579120e+00	-2.514316e-02	7.268902e-02	7.691471e-02
1.584117e+00	-2.337616e-02	7.225241e-02	7.593982e-02
1.589114e+00	-2.162802e-02	7.178565e-02	7.497301e-02
1.594111e+00	-1.989922e-02	7.128922e-02	7.401440e-02
1.599108e+00	-1.819021e-02	7.076359e-02	7.306414e-02
1.604106e+00	-1.650145e-02	7.020924e-02	7.212236e-02
1.609103e+00	-1.483339e-02	6.962667e-02	7.118920e-02
1.614100e+00	-1.318647e-02	6.901636e-02	7.026480e-02
1.619097e+00	-1.156111e-02	6.837884e-02	6.934929e-02
1.624095e+00	-9.957727e-03	6.771459e-02	6.844284e-02
1.629092e+00	-8.376724e-03	6.702415e-02	6.754559e-02
1.634089e+00	-6.818494e-03	6.630804e-02	6.665769e-02
1.639086e+00	-5.283420e-03	6.556677e-02	6.577929e-02
1.644083e+00	-3.771873e-03	6.480089e-02	6.491057e-02
1.649081e+00	-2.284213e-03	6.401093e-02	6.405167e-02
1.654078e+00	-8.207896e-04	6.319743e-02	6.320276e-02
1.659075e+00	6.180590e-04	6.236095e-02	6.236401e-02
1.664072e+00	2.032006e-03	6.150204e-02	6.153560e-02
1.669069e+00	3.420736e-03	6.062125e-02	6.071769e-02
1.674067e+00	4.783946e-03	5.971915e-02	5.991046e-02
1.679064e+00	6.121341e-03	5.879630e-02	5.911409e-02
1.684061e+00	7.432641e-03	5.785326e-02	5.832876e-02
1.689058e+00	8.717577e-03	5.689063e-02	5.755466e-02
1.694056e+00	9.975889e-03	5.590895e-02	5.679199e-02
1.699053e+00	1.120733e-02	5.490883e-02	5.604091e-02
1.704050e+00	1.241167e-02	5.389084e-02	5.530164e-02
1.709047e+00	1.358868e-02	5.285556e-02	5.457437e-02
1.714044e+00	1.473814e-02	5.180357e-02	5.385929e-02
1.719042e+00	1.585987e-02	5.073548e-02	5.315660e-02
1.724039e+00	1.695367e-02	4.965186e-02	5.246651e-02
1.729036e+00	1.801936e-02	4.855332e-02	5.178921e-02
1.734033e+00	1.905678e-02	4.744044e-02	5.112491e-02
1.739030e+00	2.006578e-02	4.631382e-02	5.047381e-02
1.744028e+00	2.104621e-02	4.517406e-02	4.983612e-02
1.749025e+00	2.199794e-02	4.402175e-02	4.921203e-02
1.754022e+00	2.292085e-02	4.285749e-02	4.860175e-02
1.759019e+00	2.381485e-02	4.168187e-02	4.800547e-02
1.764017e+00	2.467982e-02	4.049551e-02	4.742341e-02
1.769014e+00	2.551569e-02	3.929898e-02	4.685574e-02
1.774011e+00	2.632239e-02	3.809290e-02	4.630267e-02
1.779008e+00	2.709985e-02	3.687785e-02	4.576438e-02
1.784005e+00	2.784803e-02	3.565444e-02	4.524105e-02
1.789003e+00	2.856689e-02	3.442326e-02	4.473285e-02
1.794000e+00	2.925639e-02	3.318490e-02	4.423996e-02
1.798997e+00	2.991654e-02	3.193996e-02	4.376254e-02
1.803994e+00	3.054731e-02	3.068903e-02	4.330075e-02
1.808991e+00	3.114872e-02	2.943269e-02	4.285471e-02
1.813989e+00	3.172080e-02	2.817154e-02	4.242457e-02
1.818986e+00	3.226355e-02	2.690615e-02	4.201045e-02
1.823983e+00	3.277704e-02	2.563712e-02	4.161245e-02
1.828980e+00	3.326131e-02	2.436502e-02	4.123068e-02
1.833978e+00	3.371641e-02	2.309043e-02	4.086520e-02
1.838975e+00	3.414243e-02	2.181392e-02	4.051608e-02
1.843972e+00	3.453945e-02	2.053607e-02	4.018338e-02
1.848969e+00	3.490757e-02	1.925744e-02	3.986712e-02
1.853966e+00	3.524688e-02	1.797859e-02	3.956731e-02
1.858964e+00	3.555750e-02	1.670010e-02	3.928395e-02
1.863961e+00	3.583956e-02	1.542250e-02	3.901702e-02
1.868958e+00	3.609320e-02	1.414636e-02	3.876646e-02
1.873955e+00	3.631856e-02	1.287223e-02	3.853222e-02
1.878952e+00	3.651579e-02	1.160064e-02	3.831420e-02
1.883950e+00	3.668507e-02	1.033213e-02	3.811230e-02
1.888947e+00	3.682657e-02	9.067241e-03	3.792639e-02
1.893944e+00	3.694047e-02	7.806499e-03	3.775632e-02
1.898941e+00	3.702697e-02	6.550427e-03	3.760192e-02
1.903939e+00	3.708627e-02	5.299543e-03	3.746301e-02
1.908936e+00	3.711859e-02	4.054359e-03	3.733936e-02
1.913933e+00	3.712415e-02	2.815381e-03	3.723075e-02
1.918930e+00	3.710318e-02	1.583111e-03	3.713694e-02
1.923927e+00	3.705593e-02	3.580435e-04	3.705766e-02
1.928925e+00	3.698263e-02	-8.593339e-04	3.699262e-02
1.933922e+00	3.688356e-02	-2.068539e-03	3.694152e-02
1.938919e+00	3.675897e-02	-3.269095e-03	3.690405e-02
1.943916e+00	3.660914e-02	-4.460535e-03	3.687988e-02
1.948913e+00	3.643436e-02	-5.642395e-03	3.686867e-02
1.953911e+00	3.623491e-02	-6.814221e-03	3.687008e-02
1.958908e+00	3.601110e-02	-7.975565e-03	3.688372e-02
1.963905e+00	3.576323e-02	-9.125985e-03	3.690924e-02
1.968902e+00	3.549161e-02	-1.026505e-02	3.694625e-02
1.973900e+00	3.519657e-02	-1.139233e-02	3.699437e-02
1.978897e+00	3.487843e-02	-1.250740e-02	3.705321e-02
1.983894e+00	3.453754e-02	-1.360987e-02	3.712237e-02
1.988891e+00	3.417423e-02	-1.469932e-02	3.720145e-02
1.993888e+00	3.378886e-02	-1.577536e-02	3.729006e-02
1.998886e+00	3.338177e-02	-1.683760e-02	3.738780e-02
2.003883e+00	3.295334e-02	-1.788566e-02	3.749426e-02
2.008880e+00	3.250393e-02	-1.891918e-02	3.760905e-02
2.013877e+00	3.203391e-02	-1.993778e-02	3.773177e-02
2.018874e+00	3.154367e-02	-2.094113e-02	3.786204e-02
2.023872e+00	3.103359e-02	-2.192886e-02	3.799946e-02
2.028869e+00	3.050407e-02	-2.290065e-02	3.814365e-02
2.033866e+00	2.995550e-02	-2.385616e-02	3.829423e-02
2.038863e+00	2.938828e-02	-2.479508e-02	3.845084e-02
2.043861e+00	2.880282e-02	-2.571710e-02	3.861311e-02
2.048858e+00	2.819954e-02	-2.662191e-02	3.878067e-02
2.053855e+00	2.757885e-02	-2.750923e-02	3.895318e-02
2.058852e+00	2.694117e-02	-2.837876e-02	3.913030e-02
2.063849e+00	2.628692e-02	-2.923024e-02	3.931169e-02
2.068847e+00	2.561654e-02	-3.006340e-02	3.949702e-02
2.073844e+00	2.493046e-02	-3.087798e-02	3.968598e-02
2.078841e+00	2.422911e-02	-3.167374e-02	3.987826e-02
2.083838e+00	2.351294e-02	-3.245044e-02	4.007354e-02
2.088835e+00	2.278238e-02	-3.320785e-02	4.027155e-02
2.093833e+00	2.203789e-02	-3.394575e-02	4.047200e-02
2.098830e+00	2.127992e-02	-3.466394e-02	4.067461e-02
2.103827e+00	2.050892e-02	-3.536222e-02	4.087911e-02
2.108824e+00	1.972533e-02	-3.604039e-02	4.108526e-02
2.113822e+00	1.892963e-02	-3.669827e-02	4.129278e-02
2.118819e+00	1.812226e-02	-3.733570e-02	4.150146e-02
2.123816e+00	1.730369e-02	-3.795252e-02	4.171105e-02
2.128813e+00	1.647439e-02	-3.854856e-02	4.192132e-02
2.133810e+00	1.563481e-02	-3.912369e-02	4.213206e-02
2.138808e+00	1.478542e-02	-3.967779e-02	4.234307e-02
2.143805e+00	1.392670e-02	-4.021071e-02	4.255413e-02
2.148802e+00	1.305910e-02	-4.072236e-02	4.276506e-02
2.153799e+00	1.218309e-02	-4.121262e-02	4.297566e-02
2.158796e+00	1.129915e-02	-4.168140e-02	4.318576e-02
2.163794e+00	1.040775e-02	-4.212863e-02	4.339519e-02
2.168791e+00	9.509351e-03	-4.255421e-02	4.360377e-02
2.173788e+00	8.604427e-03	-4.295810e-02	4.381135e-02
2.178785e+00	7.693447e-03	-4.334023e-02	4.401778e-02
2.183783e+00	6.776882e-03	-4.370055e-02	4.422290e-02
2.188780e+00	5.855200e-03	-4.403904e-02	4.442657e-02
2.193777e+00	4.928870e-03	-4.435565e-02	4.462866e-02
2.198774e+00	3.998359e-03	-4.465038e-02	4.482905e-02
2.203771e+00	3.064133e-03	-4.492322e-02	4.502759e-02
2.208769e+00	2.126657e-03	-4.517416e-02	4.522419e-02
2.213766e+00	1.186396e-03	-4.540321e-02	4.541871e-02
2.218763e+00	2.438109e-04	-4.561040e-02	4.561105e-02
2.223760e+00	-7.006377e-04	-4.579575e-02	4.580111e-02
2.228757e+00	-1.646491e-03	-4.595930e-02	4.598879e-02
2.233755e+00	-2.593294e-03	-4.610110e-02	4.617399e-02
2.238752e+00	-3.540592e-03	-4.622120e-02	4.635661e-02
2.243749e+00	-4.487933e-03	-4.631967e-02	4.653658e-02
2.248746e+00	-5.434869e-03	-4.639657e-02	4.671381e-02
2.253744e+00	-6.380953e-03	-4.645200e-02	4.688821e-02
2.258741e+00	-7.325744e-03	-4.648603e-02	4.705972e-02
2.263738e+00	-8.268800e-03	-4.649878e-02	4.722827e-02
2.268735e+00	-9.209685e-03	-4.649034e-02	4.739377e-02
2.273732e+00	-1.014797e-02	-4.646083e-02	4.755618e-02
2.278730e+00	-1.108321e-02	-4.641038e-02	4.771542e-02
2.283727e+00	-1.201500e-02	-4.633913e-02	4.787144e-02
2.288724e+00	-1.294291e-02	-4.624720e-02	4.802419e-02
2.293721e+00	-1.386652e-02	-4.613475e-02	4.817360e-02
2.298718e+00	-1.478542e-02	-4.600194e-02	4.831963e-02
2.303716e+00	-1.569919e-02	-4.584893e-02	4.846224e-02
2.308713e+00	-1.660744e-02	-4.567589e-02	4.860137e-02
2.313710e+00	-1.750976e-02	-4.548300e-02	4.873700e-02
2.318707e+00	-1.840576e-02	-4.527045e-02	4.886907e-02
2.323705e+00	-1.929505e-02	-4.503844e-02	4.899755e-02
2.328702e+00	-2.017724e-02	-4.478716e-02	4.912240e-02
2.333699e+00	-2.105195e-02	-4.451683e-02	4.924360e-02
2.338696e+00	-2.191881e-02	-4.422765e-02	4.936111e-02
2.343693e+00	-2.277745e-02	-4.391987e-02	4.947491e-02
2.348691e+00	-2.362750e-02	-4.359370e-02	4.958497e-02
2.353688e+00	-2.446861e-02	-4.324938e-02	4.969127e-02
2.358685e+00	-2.530043e-02	-4.288716e-02	4.979377e-02
2.363682e+00	-2.612260e-02	-4.250728e-02	4.989247e-02
2.368679e+00	-2.693479e-02	-4.211000e-02	4.998734e-02
2.373677e+00	-2.773666e-02	-4.169558e-02	5.007837e-02
2.378674e+00	-2.852789e-02	-4.126429e-02	5.016555e-02
2.383671e+00	-2.930815e-02	-4.081641e-02	5.024885e-02
2.388668e+00	-3.007714e-02	-4.035221e-02	5.032827e-02
2.393666e+00	-3.083453e-02	-3.987198e-02	5.040380e-02
2.398663e+00	-3.158003e-02	-3.937600e-02	5.047542e-02
2.403660e+00	-3.231334e-02	-3.886459e-02	5.054313e-02
2.408657e+00	-3.303418e-02	-3.833803e-02	5.060693e-02
2.413654e+00	-3.374226e-02	-3.779663e-02	5.066681e-02
2.418652e+00	-3.443731e-02	-3.724071e-02	5.072276e-02
2.423649e+00	-3.511907e-02	-3.667057e-02	5.077479e-02
2.428646e+00	-3.578726e-02	-3.608655e-02	5.082290e-02
2.433643e+00	-3.644164e-02	-3.548895e-02	5.086707e-02
2.438640e+00	-3.708196e-02	-3.487812e-02	5.090732e-02
2.443638e+00	-3.770799e-02	-3.425439e-02	5.094365e-02
2.448635e+00	-3.831949e-02	-3.361809e-02	5.097607e-02
2.453632e+00	-3.891625e-02	-3.296956e-02	5.100457e-02
2.458629e+00	-3.949803e-02	-3.230914e-02	5.102916e-02
2.463627e+00	-4.006464e-02	-3.163719e-02	5.104985e-02
2.468624e+00	-4.061588e-02	-3.095406e-02	5.106666e-02
2.473621e+00	-4.115155e-02	-3.026009e-02	5.107958e-02
2.478618e+00	-4.167146e-02	-2.955566e-02	5.108862e-02
2.483615e+00	-4.217544e-02	-2.884110e-02	5.109381e-02
2.488613e+00	-4.266333e-02	-2.811680e-02	5.109514e-02
2.493610e+00	-4.313495e-02	-2.738311e-02	5.109264e-02
2.498607e+00	-4.359015e-02	-2.664039e-02	5.108632e-02
2.503604e+00	-4.402879e-02	-2.588903e-02	5.107618e-02
2.508601e+00	-4.445073e-02	-2.512939e-02	5.106225e-02
2.513599e+00	-4.485584e-02	-2.436184e-02	5.104455e-02
2.518596e+00	-4.524400e-02	-2.358676e-02	5.102308e-02
2.523593e+00	-4.561509e-02	-2.280453e-02	5.099787e-02
2.528590e+00	-4.596900e-02	-2.201552e-02	5.096893e-02
2.533588e+00	-4.630565e-02	-2.122011e-02	5.093629e-02
2.538585e+00	-4.662493e-02	-2.041868e-02	5.089997e-02
2.543582e+00	-4.692676e-02	-1.961162e-02	5.085997e-02
2.548579e+00	-4.721108e-02	-1.879930e-02	5.081633e-02
2.553576e+00	-4.747781e-02	-1.798210e-02	5.076907e-02
2.558574e+00	-4.772690e-02	-1.716041e-02	5.071821e-02
2.563571e+00	-4.795830e-02	-1.633461e-02	5.066377e-02
2.568568e+00	-4.817196e-02	-1.550509e-02	5.060578e-02
2.573565e+00	-4.836785e-02	-1.467221e-02	5.054426e-02
2.578562e+00	-4.854594e-02	-1.383638e-02	5.047924e-02
2.583560e+00	-4.870621e-02	-1.299796e-02	5.041073e-02
2.588557e+00	-4.884866e-02	-1.215735e-02	5.033878e-02
2.593554e+00	-4.897328e-02	-1.131491e-02	5.026340e-02
2.598551e+00	-4.908007e-02	-1.047103e-02	5.018462e-02
2.603549e+00	-4.916906e-02	-9.626092e-03	5.010247e-02
2.608546e+00	-4.924025e-02	-8.780466e-03	5.001698e-02
2.613543e+00	-4.929367e-02	-7.934530e-03	4.992818e-02
2.618540e+00	-4.932937e-02	-7.088658e-03	4.983609e-02
2.623537e+00	-4.934739e-02	-6.243223e-03	4.974075e-02
2.628535e+00	-4.934777e-02	-5.398596e-03	4.964219e-02
2.633532e+00	-4.933057e-02	-4.555145e-03	4.954043e-02
2.638529e+00	-4.929587e-02	-3.713237e-03	4.943552e-02
2.643526e+00	-4.924372e-02	-2.873235e-03	4.932747e-02
2.648523e+00	-4.917422e-02	-2.035503e-03	4.921633e-02
2.653521e+00	-4.908745e-02	-1.200399e-03	4.910213e-02
2.658518e+00	-4.898351e-02	-3.682803e-04	4.898490e-02
2.663515e+00	-4.886250e-02	4.604996e-04	4.886467e-02
2.668512e+00	-4.872452e-02	1.285590e-03	4.874147e-02
2.673510e+00	-4.856969e-02	2.106642e-03	4.861535e-02
2.678507e+00	-4.839814e-02	2.923313e-03	4.848634e-02
2.683504e+00	-4.820999e-02	3.735260e-03	4.835447e-02
2.688501e+00	-4.800538e-02	4.542146e-03	4.821978e-02
2.693498e+00	-4.778446e-02	5.343637e-03	4.808231e-02
2.698496e+00	-4.754736e-02	6.139402e-03	4.794209e-02
2.703493e+00	-4.729426e-02	6.929115e-03	4.779916e-02
2.708490e+00	-4.702531e-02	7.712454e-03	4.765356e-02
2.713487e+00	-4.674067e-02	8.489100e-03	4.750532e-02
2.718484e+00	-4.644053e-02	9.258739e-03	4.735448e-02
2.723482e+00	-4.612506e-02	1.002106e-02	4.720109e-02
2.728479e+00	-4.579445e-02	1.077576e-02	4.704518e-02
2.733476e+00	-4.544890e-02	1.152254e-02	4.688679e-02
2.738473e+00	-4.508859e-02	1.226110e-02	4.672596e-02
2.743471e+00	-4.471374e-02	1.299114e-02	4.656274e-02
2.748468e+00	-4.432456e-02	1.371239e-02	4.639716e-02
2.753465e+00	-4.392125e-02	1.442457e-02	4.622926e-02
2.758462e+00	-4.350404e-02	1.512738e-02	4.605908e-02
2.763459e+00	-4.307315e-02	1.582057e-02	4.588668e-02
2.768457e+00	-4.262882e-02	1.650387e-02	4.571208e-02
2.773454e+00	-4.217128e-02	1.717702e-02	4.553533e-02
2.778451e+00	-4.170076e-02	1.783976e-02	4.535648e-02
2.783448e+00	-4.121752e-02	1.849184e-02	4.517557e-02
2.788445e+00	-4.072180e-02	1.913302e-02	4.499264e-02
2.793443e+00	-4.021386e-02	1.976306e-02	4.480773e-02
2.798440e+00	-3.969395e-02	2.038173e-02	4.462090e-02
2.803437e+00	-3.916234e-02	2.098880e-02	4.443218e-02
2.808434e+00	-3.861929e-02	2.158405e-02	4.424162e-02
2.813432e+00	-3.806507e-02	2.216726e-02	4.404926e-02
2.818429e+00	-3.749997e-02	2.273824e-02	4.385516e-02
2.823426e+00	-3.692425e-02	2.329676e-02	4.365935e-02
2.828423e+00	-3.633819e-02	2.384265e-02	4.346189e-02
2.833420e+00	-3.574209e-02	2.437570e-02	4.326282e-02
2.838418e+00	-3.513623e-02	2.489574e-02	4.306219e-02
2.843415e+00	-3.452090e-02	2.540258e-02	4.286005e-02
2.848412e+00	-3.389639e-02	2.589607e-02	4.265644e-02
2.853409e+00	-3.326301e-02	2.637602e-02	4.245141e-02
2.858406e+00	-3.262105e-02	2.684228e-02	4.224501e-02
2.863404e+00	-3.197081e-02	2.729471e-02	4.203729e-02
2.868401e+00	-3.131260e-02	2.773315e-02	4.182830e-02
2.873398e+00	-3.064673e-02	2.815747e-02	4.161809e-02
2.878395e+00	-2.997351e-02	2.856754e-02	4.140671e-02
2.883393e+00	-2.929325e-02	2.896323e-02	4.119421e-02
2.888390e+00	-2.860626e-02	2.934442e-02	4.098064e-02
2.893387e+00	-2.791285e-02	2.971100e-02	4.076605e-02
2.898384e+00	-2.721335e-02	3.006288e-02	4.055050e-02
2.903381e+00	-2.650807e-02	3.039993e-02	4.033403e-02
2.908379e+00	-2.579733e-02	3.072209e-02	4.011669e-02
2.913376e+00	-2.508145e-02	3.102926e-02	3.989855e-02
2.918373e+00	-2.436076e-02	3.132137e-02	3.967965e-02
2.923370e+00	-2.363557e-02	3.159834e-02	3.946005e-02
2.928367e+00	-2.290622e-02	3.186011e-02	3.923979e-02
2.933365e+00	-2.217302e-02	3.210662e-02	3.901894e-02
2.938362e+00	-2.143630e-02	3.233783e-02	3.879755e-02
2.943359e+00	-2.069638e-02	3.255369e-02	3.857567e-02
2.948356e+00	-1.995360e-02	3.275415e-02	3.835337e-02
2.953354e+00	-1.920827e-02	3.293921e-02	3.813068e-02
2.958351e+00	-1.846071e-02	3.310882e-02	3.790768e-02
2.963348e+00	-1.771127e-02	3.326297e-02	3.768441e-02
2.968345e+00	-1.696026e-02	3.340166e-02	3.746093e-02
2.973342e+00	-1.620800e-02	3.352488e-02	3.723730e-02
2.978340e+00	-1.545482e-02	3.363263e-02	3.701358e-02
2.983337e+00	-1.470104e-02	3.372493e-02	3.678983e-02
2.988334e+00	-1.394698e-02	3.380179e-02	3.656610e-02
2.993331e+00	-1.319297e-02	3.386324e-02	3.634245e-02
2.998328e+00	-1.243932e-02	3.390930e-02	3.611893e-02
3.003326e+00	-1.168635e-02	3.394002e-02	3.589562e-02
3.008323e+00	-1.093439e-02	3.395543e-02	3.567257e-02
3.013320e+00	-1.018373e-02	3.395559e-02	3.544983e-02
3.018317e+00	-9.434713e-03	3.394055e-02	3.522748e-02
3.023315e+00	-8.687634e-03	3.391038e-02	3.500556e-02
3.028312e+00	-7.942805e-03	3.386515e-02	3.478414e-02
3.033309e+00	-7.200537e-03	3.380492e-02	3.456328e-02
3.038306e+00	-6.461134e-03	3.372978e-02	3.434304e-02
3.043303e+00	-5.724900e-03	3.363983e-02	3.412349e-02
3.048301e+00	-4.992137e-03	3.353514e-02	3.390468e-02
3.053298e+00	-4.263143e-03	3.341583e-02	3.368668e-02
3.058295e+00	-3.538214e-03	3.328200e-02	3.346955e-02
3.063292e+00	-2.817644e-03	3.313376e-02	3.325335e-02
3.068289e+00	-2.101723e-03	3.297123e-02	3.303814e-02
3.073287e+00	-1.390738e-03	3.279452e-02	3.282400e-02
3.078284e+00	-6.849730e-04	3.260378e-02	3.261098e-02
3.083281e+00	1.529051e-05	3.239913e-02	3.239914e-02
3.088278e+00	7.097751e-04	3.218072e-02	3.218855e-02
3.093276e+00	1.398207e-03	3.194869e-02	3.197927e-02
3.098273e+00	2.080314e-03	3.170319e-02	3.177137e-02
3.103270e+00	2.755831e-03	3.144438e-02	3.156491e-02
3.108267e+00	3.424495e-03	3.117242e-02	3.135996e-02
3.113264e+00	4.086044e-03	3.088747e-02	3.115657e-02
3.118262e+00	4.740226e-03	3.058972e-02	3.095481e-02
3.123259e+00	5.386787e-03	3.027933e-02	3.075476e-02
3.128256e+00	6.025481e-03	2.995648e-02	3.055646e-02
3.133253e+00	6.656065e-03	2.962137e-02	3.035998e-02
3.138250e+00	7.278300e-03	2.927418e-02	3.016540e-02
3.143248e+00	7.891952e-03	2.891511e-02	2.997276e-02
3.148245e+00	8.496791e-03	2.854436e-02	2.978214e-02
3.153242e+00	9.092592e-03	2.816213e-02	2.959359e-02
3.158239e+00	9.679135e-03	2.776863e-02	2.940719e-02
3.163236e+00	1.025620e-02	2.736408e-02	2.922298e-02
3.168234e+00	1.082359e-02	2.694869e-02	2.904104e-02
3.173231e+00	1.138108e-02	2.652269e-02	2.886142e-02
3.178228e+00	1.192848e-02	2.608629e-02	2.868419e-02
3.183225e+00	1.246559e-02	2.563972e-02	2.850941e-02
3.188223e+00	1.299223e-02	2.518323e-02	2.833713e-02
3.193220e+00	1.350819e-02	2.471703e-02	2.816741e-02
3.198217e+00	1.401332e-02	2.424138e-02	2.800031e-02
3.203214e+00	1.450742e-02	2.375651e-02	2.783589e-02
3.208211e+00	1.499033e-02	2.326267e-02	2.767421e-02
3.213209e+00	1.546188e-02	2.276011e-02	2.751531e-02
3.218206e+00	1.592192e-02	2.224908e-02	2.735926e-02
3.223203e+00	1.637030e-02	2.172983e-02	2.720610e-02
3.228200e+00	1.680685e-02	2.120262e-02	2.705589e-02
3.233197e+00	1.723145e-02	2.066771e-02	2.690868e-02
3.238195e+00	1.764396e-02	2.012536e-02	2.676451e-02
3.243192e+00	1.804423e-02	1.957583e-02	2.662344e-02
3.248189e+00	1.843216e-02	1.901940e-02	2.648551e-02
3.253186e+00	1.880761e-02	1.845633e-02	2.635075e-02
3.258184e+00	1.917048e-02	1.788689e-02	2.621923e-02
3.263181e+00	1.952065e-02	1.731135e-02	2.609097e-02
3.268178e+00	1.985803e-02	1.672999e-02	2.596601e-02
3.273175e+00	2.018251e-02	1.614308e-02	2.584440e-02
3.278172e+00	2.049401e-02	1.555090e-02	2.572616e-02
3.283170e+00	2.079245e-02	1.495373e-02	2.561132e-02
3.288167e+00	2.107774e-02	1.435185e-02	2.549993e-02
3.293164e+00	2.134981e-02	1.374554e-02	2.539201e-02
3.298161e+00	2.160859e-02	1.313507e-02	2.528757e-02
3.303158e+00	2.185403e-02	1.252075e-02	2.518665e-02
3.308156e+00	2.208606e-02	1.190284e-02	2.508927e-02
3.313153e+00	2.230465e-02	1.128163e-02	2.499545e-02
3.318150e+00	2.250974e-02	1.065740e-02	2.490519e-02
3.323147e+00	2.270130e-02	1.003045e-02	2.481852e-02
3.328145e+00	2.287929e-02	9.401053e-03	2.473544e-02
3.333142e+00	2.304371e-02	8.769498e-03	2.465596e-02
3.338139e+00	2.319451e-02	8.136069e-03	2.458009e-02
3.343136e+00	2.333170e-02	7.501053e-03	2.450783e-02
3.348133e+00	2.345526e-02	6.864733e-03	2.443918e-02
3.353131e+00	2.356519e-02	6.227394e-03	2.437414e-02
3.358128e+00	2.366150e-02	5.589321e-03	2.431269e-02
3.363125e+00	2.374419e-02	4.950797e-03	2.425484e-02
3.368122e+00	2.381329e-02	4.312105e-03	2.420056e-02
3.373119e+00	2.386882e-02	3.673526e-03	2.414985e-02
3.378117e+00	2.391079e-02	3.035341e-03	2.410268e-02
3.383114e+00	2.393926e-02	2.397831e-03	2.405905e-02
3.388111e+00	2.395425e-02	1.761275e-03	2.401891e-02
3.393108e+00	2.395581e-02	1.125948e-03	2.398226e-02
3.398106e+00	2.394399e-02	4.921283e-04	2.394905e-02
3.403103e+00	2.391885e-02	-1.399109e-04	2.391926e-02
3.408100e+00	2.388045e-02	-7.698968e-04	2.389286e-02
3.413097e+00	2.382886e-02	-1.397558e-03	2.386981e-02
3.418094e+00	2.376415e-02	-2.022626e-03	2.385007e-02
3.423092e+00	2.368640e-02	-2.644833e-03	2.383360e-02
3.428089e+00	2.359569e-02	-3.263915e-03	2.382036e-02
3.433086e+00	2.349211e-02	-3.879609e-03	2.381030e-02
3.438083e+00	2.337575e-02	-4.491653e-03	2.380338e-02
3.443080e+00	2.324673e-02	-5.099791e-03	2.379954e-02
3.448078e+00	2.310513e-02	-5.703766e-03	2.379874e-02
3.453075e+00	2.295107e-02	-6.303326e-03	2.380091e-02
3.458072e+00	2.278467e-02	-6.898221e-03	2.380602e-02
3.463069e+00	2.260604e-02	-7.488203e-03	2.381399e-02
3.468067e+00	2.241531e-02	-8.073027e-03	2.382477e-02
3.473064e+00	2.221260e-02	-8.652452e-03	2.383830e-02
3.478061e+00	2.199807e-02	-9.226240e-03	2.385453e-02
3.483058e+00	2.177183e-02	-9.794156e-03	2.387338e-02
3.488055e+00	2.153404e-02	-1.035597e-02	2.389479e-02
3.493053e+00	2.128485e-02	-1.091145e-02	2.391870e-02
3.498050e+00	2.102440e-02	-1.146037e-02	2.394505e-02
3.503047e+00	2.075285e-02	-1.200251e-02	2.397376e-02
3.508044e+00	2.047037e-02	-1.253766e-02	2.400477e-02
3.513041e+00	2.017713e-02	-1.306559e-02	2.403801e-02
3.518039e+00	1.987328e-02	-1.358610e-02	2.407342e-02
3.523036e+00	1.955901e-02	-1.409899e-02	2.411091e-02
3.528033e+00	1.923449e-02	-1.460404e-02	2.415044e-02
3.533030e+00	1.889990e-02	-1.510107e-02	2.419191e-02
3.538028e+00	1.855543e-02	-1.558988e-02	2.423527e-02
3.543025e+00	1.820127e-02	-1.607027e-02	2.428044e-02
3.548022e+00	1.783762e-02	-1.654206e-02	2.432736e-02
3.553019e+00	1.746466e-02	-1.700507e-02	2.437595e-02
3.558016e+00	1.708260e-02	-1.745912e-02	2.442614e-02
3.563014e+00	1.669164e-02	-1.790405e-02	2.447786e-02
3.568011e+00	1.629198e-02	-1.833967e-02	2.453105e-02
3.573008e+00	1.588384e-02	-1.876584e-02	2.458563e-02
3.578005e+00	1.546743e-02	-1.918238e-02	2.464153e-02
3.583002e+00	1.504297e-02	-1.958915e-02	2.469870e-02
3.588000e+00	1.461067e-02	-1.998599e-02	2.475704e-02
3.592997e+00	1.417074e-02	-2.037276e-02	2.481651e-02
3.597994e+00	1.372343e-02	-2.074932e-02	2.487703e-02
3.602991e+00	1.326895e-02	-2.111553e-02	2.493854e-02
3.607989e+00	1.280753e-02	-2.147127e-02	2.500097e-02
3.612986e+00	1.233940e-02	-2.181641e-02	2.506425e-02
3.617983e+00	1.186479e-02	-2.215083e-02	2.512832e-02
3.622980e+00	1.138395e-02	-2.247441e-02	2.519312e-02
3.627977e+00	1.089710e-02	-2.278704e-02	2.525858e-02
3.632975e+00	1.040449e-02	-2.308862e-02	2.532465e-02
3.637972e+00	9.906353e-03	-2.337905e-02	2.539125e-02
3.642969e+00	9.402936e-03	-2.365823e-02	2.545834e-02
3.647966e+00	8.894481e-03	-2.392608e-02	2.552585e-02
3.652963e+00	8.381235e-03	-2.418250e-02	2.559372e-02
3.657961e+00	7.863442e-03	-2.442742e-02	2.566189e-02
3.662958e+00	7.341353e-03	-2.466077e-02	2.573032e-02
3.667955e+00	6.815214e-03	-2.488248e-02	2.579893e-02
3.672952e+00	6.285278e-03	-2.509248e-02	2.586769e-02
3.677950e+00	5.751794e-03	-2.529072e-02	2.593653e-02
3.682947e+00	5.215014e-03	-2.547713e-02	2.600540e-02
3.687944e+00	4.675190e-03	-2.565169e-02	2.607425e-02
3.692941e+00	4.132576e-03	-2.581433e-02	2.614303e-02
3.697938e+00	3.587424e-03	-2.596503e-02	2.621169e-02
3.702936e+00	3.039990e-03	-2.610376e-02	2.628018e-02
3.707933e+00	2.490525e-03	-2.623048e-02	2.634845e-02
3.712930e+00	1.939285e-03	-2.634518e-02	2.641646e-02
3.717927e+00	1.386524e-03	-2.644784e-02	2.648416e-02
3.722924e+00	8.324951e-04	-2.653846e-02	2.655151e-02
3.727922e+00	2.774527e-04	-2.661701e-02	2.661846e-02
3.732919e+00	-2.783501e-04	-2.668352e-02	2.668497e-02
3.737916e+00	-8.346600e-04	-2.673797e-02	2.675100e-02
3.742913e+00	-1.391225e-03	-2.678039e-02	2.681650e-02
3.747911e+00	-1.947792e-03	-2.681078e-02	2.688144e-02
3.752908e+00	-2.504112e-03	-2.682918e-02	2.694578e-02
3.757905e+00	-3.059933e-03	-2.683560e-02	2.700949e-02
3.762902e+00	-3.615006e-03	-2.683007e-02	2.707251e-02
3.767899e+00	-4.169084e-03	-2.681264e-02	2.713483e-02
3.772897e+00	-4.721918e-03	-2.678334e-02	2.719639e-02
3.777894e+00	-5.273264e-03	-2.674222e-02	2.725718e-02
3.782891e+00	-5.822876e-03	-2.668934e-02	2.731715e-02
3.787888e+00	-6.370513e-03	-2.662474e-02	2.737627e-02
3.792885e+00	-6.915932e-03	-2.654850e-02	2.743452e-02
3.797883e+00	-7.458894e-03	-2.646067e-02	2.749186e-02
3.802880e+00	-7.999161e-03	-2.636133e-02	2.754825e-02
3.807877e+00	-8.536497e-03	-2.625056e-02	2.760369e-02
3.812874e+00	-9.070668e-03	-2.612843e-02	2.765812e-02
3.817872e+00	-9.601442e-03	-2.599503e-02	2.771154e-02
3.822869e+00	-1.012859e-02	-2.585046e-02	2.776391e-02
3.827866e+00	-1.065188e-02	-2.569480e-02	2.781520e-02
3.832863e+00	-1.117109e-02	-2.552816e-02	2.786540e-02
3.837860e+00	-1.168600e-02	-2.535064e-02	2.791447e-02
3.842858e+00	-1.219639e-02	-2.516235e-02	2.796240e-02
3.847855e+00	-1.270204e-02	-2.496340e-02	2.800916e-02
3.852852e+00	-1.320273e-02	-2.475391e-02	2.805473e-02
3.857849e+00	-1.369825e-02	-2.453400e-02	2.809910e-02
3.862846e+00	-1.418840e-02	-2.430379e-02	2.814223e-02
3.867844e+00	-1.467296e-02	-2.406343e-02	2.818412e-02
3.872841e+00	-1.515174e-02	-2.381303e-02	2.822473e-02
3.877838e+00	-1.562453e-02	-2.355274e-02	2.826407e-02
3.882835e+00	-1.609114e-02	-2.328270e-02	2.830210e-02
3.887833e+00	-1.655136e-02	-2.300305e-02	2.833881e-02
3.892830e+00	-1.700502e-02	-2.271395e-02	2.837419e-02
3.897827e+00	-1.745193e-02	-2.241555e-02	2.840821e-02
3.902824e+00	-1.789189e-02	-2.210800e-02	2.844088e-02
3.907821e+00	-1.832474e-02	-2.179147e-02	2.847217e-02
3.912819e+00	-1.875029e-02	-2.146612e-02	2.850206e-02
3.917816e+00	-1.916837e-02	-2.113211e-02	2.853056e-02
3.922813e+00	-1.957882e-02	-2.078962e-02	2.855764e-02
3.927810e+00	-1.998146e-02	-2.043883e-02	2.858329e-02
3.932807e+00	-2.037614e-02	-2.007990e-02	2.860751e-02
3.937805e+00	-2.076271e-02	-1.971302e-02	2.863028e-02
3.942802e+00	-2.114099e-02	-1.933836e-02	2.865160e-02
3.947799e+00	-2.151086e-02	-1.895613e-02	2.867145e-02
3.952796e+00	-2.187215e-02	-1.856650e-02	2.868982e-02
3.957794e+00	-2.222474e-02	-1.816967e-02	2.870672e-02
3.962791e+00	-2.256848e-02	-1.776584e-02	2.872213e-02
3.967788e+00	-2.290324e-02	-1.735519e-02	2.873605e-02
3.972785e+00	-2.322889e-02	-1.693792e-02	2.874847e-02
3.977782e+00	-2.354531e-02	-1.651425e-02	2.875938e-02
3.982780e+00	-2.385238e-02	-1.608436e-02	2.876878e-02
3.987777e+00	-2.414999e-02	-1.564848e-02	2.877667e-02
3.992774e+00	-2.443802e-02	-1.520680e-02	2.878304e-02
3.997771e+00	-2.471637e-02	-1.475954e-02	2.878789e-02
4.002768e+00	-2.498493e-02	-1.430690e-02	2.879122e-02
4.007766e+00	-2.524361e-02	-1.384910e-02	2.879301e-02
4.012763e+00	-2.549232e-02	-1.338637e-02	2.879328e-02
4.017760e+00	-2.573097e-02	-1.291890e-02	2.879202e-02
4.022757e+00	-2.595947e-02	-1.244693e-02	2.878923e-02
4.027755e+00	-2.617774e-02	-1.197066e-02	2.878491e-02
4.032752e+00	-2.638572e-02	-1.149033e-02	2.877906e-02
4.037749e+00	-2.658334e-02	-1.100615e-02	2.877167e-02
4.042746e+00	-2.677052e-02	-1.051835e-02	2.876276e-02
4.047743e+00	-2.694721e-02	-1.002715e-02	2.875232e-02
4.052741e+00	-2.711336e-02	-9.532781e-03	2.874036e-02
4.057738e+00	-2.726891e-02	-9.035462e-03	2.872687e-02
4.062735e+00	-2.741382e-02	-8.535421e-03	2.871186e-02
4.067732e+00	-2.754804e-02	-8.032887e-03	2.869533e-02
4.072729e+00	-2.767155e-02	-7.528087e-03	2.867729e-02
4.077727e+00	-2.778431e-02	-7.021250e-03	2.865774e-02
4.082724e+00	-2.788630e-02	-6.512602e-03	2.863668e-02
4.087721e+00	-2.797749e-02	-6.002374e-03	2.861413e-02
4.092718e+00	-2.805786e-02	-5.490794e-03	2.859008e-02
4.097716e+00	-2.812741e-02	-4.978091e-03	2.856454e-02
4.102713e+00	-2.818613e-02	-4.464492e-03	2.853751e-02
4.107710e+00	-2.823401e-02	-3.950227e-03	2.850901e-02
4.112707e+00	-2.827107e-02	-3.435523e-03	2.847904e-02
4.117704e+00	-2.829729e-02	-2.920609e-03	2.844761e-02
4.122702e+00	-2.831271e-02	-2.405710e-03	2.841473e-02
4.127699e+00	-2.831732e-02	-1.891055e-03	2.838039e-02
4.132696e+00	-2.831116e-02	-1.376868e-03	2.834462e-02
4.137693e+00	-2.829425e-02	-8.633755e-04	2.830742e-02
4.142690e+00	-2.826663e-02	-3.508008e-04	2.826880e-02
4.147688e+00	-2.822832e-02	1.606326e-04	2.822877e-02
4.152685e+00	-2.817936e-02	6.707026e-04	2.818734e-02
4.157682e+00	-2.811981e-02	1.179188e-03	2.814452e-02
4.162679e+00	-2.804970e-02	1.685869e-03	2.810032e-02
4.167677e+00	-2.796910e-02	2.190528e-03	2.805475e-02
4.172674e+00	-2.787806e-02	2.692947e-03	2.800782e-02
4.177671e+00	-2.777664e-02	3.192911e-03	2.795955e-02
4.182668e+00	-2.766491e-02	3.690207e-03	2.790994e-02
4.187665e+00	-2.754294e-02	4.184621e-03	2.785901e-02
4.192663e+00	-2.741081e-02	4.675945e-03	2.780678e-02
4.197660e+00	-2.726859e-02	5.163968e-03	2.775324e-02
4.202657e+00	-2.711637e-02	5.648486e-03	2.769843e-02
4.207654e+00	-2.695424e-02	6.129293e-03	2.764234e-02
4.212651e+00	-2.678228e-02	6.606188e-03	2.758500e-02
4.217649e+00	-2.660061e-02	7.078970e-03	2.752643e-02
4.222646e+00	-2.640930e-02	7.547441e-03	2.746662e-02
4.227643e+00	-2.620848e-02	8.011407e-03	2.740560e-02
4.232640e+00	-2.599825e-02	8.470674e-03	2.734339e-02
4.237638e+00	-2.577871e-02	8.925052e-03	2.728000e-02
4.242635e+00	-2.554999e-02	9.374353e-03	2.721545e-02
4.247632e+00	-2.531221e-02	9.818392e-03	2.714975e-02
4.252629e+00	-2.506548e-02	1.025699e-02	2.708291e-02
4.257626e+00	-2.480994e-02	1.068996e-02	2.701496e-02
4.262624e+00	-2.454571e-02	1.111713e-02	2.694592e-02
4.267621e+00	-2.427293e-02	1.153833e-02	2.687579e-02
4.272618e+00	-2.399174e-02	1.195338e-02	2.680461e-02
4.277615e+00	-2.370227e-02	1.236212e-02	2.673237e-02
4.282612e+00	-2.340468e-02	1.276438e-02	2.665912e-02
4.287610e+00	-2.309910e-02	1.316001e-02	2.658485e-02
4.292607e+00	-2.278569e-02	1.354885e-02	2.650960e-02
4.297604e+00	-2.246460e-02	1.393073e-02	2.643338e-02
4.302601e+00	-2.213599e-02	1.430551e-02	2.635620e-02
4.307599e+00	-2.180001e-02	1.467305e-02	2.627810e-02
4.312596e+00	-2.145683e-02	1.503319e-02	2.619909e-02
4.317593e+00	-2.110661e-02	1.538580e-02	2.611919e-02
4.322590e+00	-2.074953e-02	1.573075e-02	2.603842e-02
4.327587e+00	-2.038574e-02	1.606789e-02	2.595680e-02
4.332585e+00	-2.001543e-02	1.639710e-02	2.587435e-02
4.337582e+00	-1.963876e-02	1.671825e-02	2.579110e-02
4.342579e+00	-1.925592e-02	1.703123e-02	2.570707e-02
4.347576e+00	-1.886709e-02	1.733590e-02	2.562227e-02
4.352573e+00	-1.847244e-02	1.763217e-02	2.553673e-02
4.357571e+00	-1.807216e-02	1.791992e-02	2.545047e-02
4.362568e+00	-1.766644e-02	1.819904e-02	2.536352e-02
4.367565e+00	-1.725547e-02	1.846944e-02	2.527590e-02
4.372562e+00	-1.683942e-02	1.873100e-02	2.518763e-02
4.377560e+00	-1.641851e-02	1.898365e-02	2.509873e-02
4.382557e+00	-1.599291e-02	1.922729e-02	2.500924e-02
4.387554e+00	-1.556283e-02	1.946183e-02	2.491916e-02
4.392551e+00	-1.512846e-02	1.968720e-02	2.482853e-02
4.397548e+00	-1.468999e-02	1.990331e-02	2.473737e-02
4.402546e+00	-1.424763e-02	2.011010e-02	2.464571e-02
4.407543e+00	-1.380158e-02	2.030749e-02	2.455357e-02
4.412540e+00	-1.335204e-02	2.049542e-02	2.446097e-02
4.417537e+00	-1.289921e-02	2.067383e-02	2.436795e-02
4.422534e+00	-1.244330e-02	2.084267e-02	2.427452e-02
4.427532e+00	-1.198450e-02	2.100188e-02	2.418072e-02
4.432529e+00	-1.152303e-02	2.115141e-02	2.408656e-02
4.437526e+00	-1.105909e-02	2.129123e-02	2.399208e-02
4.442523e+00	-1.059288e-02	2.142129e-02	2.389730e-02
4.447521e+00	-1.012462e-02	2.154156e-02	2.380224e-02
4.452518e+00	-9.654509e-03	2.165202e-02	2.370695e-02
4.457515e+00	-9.182756e-03	2.175262e-02	2.361143e-02
4.462512e+00	-8.709569e-03	2.184337e-02	2.351572e-02
4.467509e+00	-8.235157e-03	2.192423e-02	2.341985e-02
4.472507e+00	-7.759727e-03	2.199519e-02	2.332385e-02
4.477504e+00	-7.283488e-03	2.205625e-02	2.322773e-02
4.482501e+00	-6.806648e-03	2.210741e-02	2.313154e-02
4.487498e+00	-6.329413e-03	2.214866e-02	2.303529e-02
4.492495e+00	-5.851993e-03	2.218001e-02	2.293902e-02
4.497493e+00	-5.374593e-03	2.220147e-02	2.284276e-02
4.502490e+00	-4.897421e-03	2.221305e-02	2.274653e-02
4.507487e+00	-4.420682e-03	2.221477e-02	2.265036e-02
4.512484e+00	-3.944582e-03	2.220666e-02	2.255428e-02
4.517482e+00	-3.469325e-03	2.218873e-02	2.245832e-02
4.522479e+00	-2.995115e-03	2.216102e-02	2.236251e-02
4.527476e+00	-2.522155e-03	2.212357e-02	2.226688e-02
4.532473e+00	-2.050647e-03	2.207641e-02	2.217145e-02
4.537470e+00	-1.580791e-03	2.201959e-02	2.207626e-02
4.542468e+00	-1.112787e-03	2.195316e-02	2.198134e-02
4.547465e+00	-6.468333e-04	2.187716e-02	2.188672e-02
4.552462e+00	-1.831269e-04	2.179165e-02	2.179242e-02
4.557459e+00	2.781367e-04	2.169669e-02	2.169847e-02
4.562456e+00	7.367635e-04	2.159234e-02	2.160491e-02
4.567454e+00	1.192561e-03	2.147868e-02	2.151176e-02
4.572451e+00	1.645339e-03	2.135577e-02	2.141906e-02
4.577448e+00	2.094908e-03	2.122369e-02	2.132683e-02
4.582445e+00	2.541080e-03	2.108252e-02	2.123511e-02
4.587443e+00	2.983671e-03	2.093234e-02	2.114391e-02
4.592440e+00	3.422498e-03	2.077323e-02	2.105328e-02
4.597437e+00	3.857378e-03	2.060530e-02	2.096324e-02
4.602434e+00	4.288134e-03	2.042862e-02	2.087383e-02
4.607431e+00	4.714587e-03	2.024331e-02	2.078506e-02
4.612429e+00	5.136564e-03	2.004945e-02	2.069697e-02
4.617426e+00	5.553892e-03	1.984716e-02	2.060960e-02
4.622423e+00	5.966401e-03	1.963654e-02	2.052296e-02
4.627420e+00	6.373924e-03	1.941771e-02	2.043708e-02
4.632417e+00	6.776296e-03	1.919078e-02	2.035201e-02
4.637415e+00	7.173354e-03	1.895587e-02	2.026775e-02
4.642412e+00	7.564940e-03	1.871309e-02	2.018435e-02
4.647409e+00	7.950896e-03	1.846258e-02	2.010183e-02
4.652406e+00	8.331069e-03	1.820446e-02	2.002022e-02
4.657404e+00	8.705307e-03	1.793886e-02	1.993954e-02
4.662401e+00	9.073461e-03	1.766592e-02	1.985982e-02
4.667398e+00	9.435388e-03	1.738577e-02	1.978109e-02
4.672395e+00	9.790944e-03	1.709855e-02	1.970338e-02
4.677392e+00	1.013999e-02	1.680441e-02	1.962670e-02
4.682390e+00	1.048239e-02	1.650348e-02	1.955110e-02
4.687387e+00	1.081802e-02	1.619592e-02	1.947658e-02
4.692384e+00	1.114673e-02	1.588188e-02	1.940319e-02
4.697381e+00	1.146841e-02	1.556150e-02	1.933093e-02
4.702378e+00	1.178294e-02	1.523495e-02	1.925984e-02
4.707376e+00	1.209019e-02	1.490238e-02	1.918994e-02
4.712373e+00	1.239004e-02	1.456396e-02	1.912125e-02
4.717370e+00	1.268240e-02	1.421983e-02	1.905379e-02
4.722367e+00	1.296714e-02	1.387017e-02	1.898758e-02
4.727365e+00	1.324416e-02	1.351515e-02	1.892265e-02
4.732362e+00	1.351335e-02	1.315492e-02	1.885902e-02
4.737359e+00	1.377463e-02	1.278967e-02	1.879671e-02
4.742356e+00	1.402790e-02	1.241956e-02	1.873573e-02
4.747353e+00	1.427306e-02	1.204476e-02	1.867610e-02
4.752351e+00	1.451003e-02	1.166546e-02	1.861784e-02
4.757348e+00	1.473873e-02	1.128182e-02	1.856097e-02
4.762345e+00	1.495907e-02	1.089403e-02	1.850550e-02
4.767342e+00	1.517098e-02	1.050227e-02	1.845146e-02
4.772339e+00	1.537439e-02	1.010672e-02	1.839884e-02
4.777337e+00	1.556922e-02	9.707548e-03	1.834768e-02
4.782334e+00	1.575543e-02	9.304953e-03	1.829797e-02
4.787331e+00	1.593294e-02	8.899116e-03	1.824973e-02
4.792328e+00	1.610170e-02	8.490222e-03	1.820298e-02
4.797325e+00	1.626165e-02	8.078457e-03	1.815772e-02
4.802323e+00	1.641276e-02	7.664008e-03	1.811396e-02
4.807320e+00	1.655497e-02	7.247065e-03	1.807172e-02
4.812317e+00	1.668824e-02	6.827815e-03	1.803098e-02
4.817314e+00	1.681254e-02	6.406448e-03	1.799178e-02
4.822312e+00	1.692783e-02	5.983153e-03	1.795410e-02
4.827309e+00	1.703410e-02	5.558123e-03	1.791796e-02
4.832306e+00	1.713130e-02	5.131545e-03	1.788335e-02
4.837303e+00	1.721942e-02	4.703613e-03	1.785028e-02
4.842300e+00	1.729845e-02	4.274517e-03	1.781875e-02
4.847298e+00	1.736838e-02	3.844448e-03	1.778877e-02
4.852295e+00	1.742918e-02	3.413597e-03	1.776032e-02
4.857292e+00	1.748087e-02	2.982156e-03	1.773342e-02
4.862289e+00	1.752343e-02	2.550316e-03	1.770805e-02
4.867286e+00	1.755688e-02	2.118267e-03	1.768421e-02
4.872284e+00	1.758122e-02	1.686200e-03	1.766190e-02
4.877281e+00	1.759646e-02	1.254304e-03	1.764111e-02
4.882278e+00	1.760262e-02	8.227703e-04	1.762184e-02
4.887275e+00	1.759971e-02	3.917868e-04	1.760407e-02
4.892273e+00	1.758777e-02	-3.845778e-05	1.758781e-02
4.897270e+00	1.756681e-02	-4.677759e-04	1.757303e-02
4.902267e+00	1.753687e-02	-8.959808e-04	1.755974e-02
4.907264e+00	1.749798e-02	-1.322886e-03	1.754791e-02
4.912261e+00	1.745018e-02	-1.748308e-03	1.753754e-02
4.917259e+00	1.739352e-02	-2.172061e-03	1.752861e-02
4.922256e+00	1.732804e-02	-2.593964e-03	1.752112e-02
4.927253e+00	1.725378e-02	-3.013833e-03	1.751503e-02
4.932250e+00	1.717082e-02	-3.431490e-03	1.751034e-02
4.937247e+00	1.707919e-02	-3.846755e-03	1.750703e-02
4.942245e+00	1.697897e-02	-4.259451e-03	1.750509e-02
4.947242e+00	1.687021e-02	-4.669401e-03	1.750449e-02
4.952239e+00	1.675299e-02	-5.076431e-03	1.750522e-02
4.957236e+00	1.662738e-02	-5.480368e-03	1.750726e-02
4.962234e+00	1.649345e-02	-5.881041e-03	1.751058e-02
4.967231e+00	1.635128e-02	-6.278281e-03	1.751517e-02
4.972228e+00	1.620096e-02	-6.671919e-03	1.752101e-02
4.977225e+00	1.604257e-02	-7.061792e-03	1.752806e-02
4.982222e+00	1.587620e-02	-7.447734e-03	1.753631e-02
4.987220e+00	1.570193e-02	-7.829586e-03	1.754574e-02
4.992217e+00	1.551988e-02	-8.207186e-03	1.755632e-02
4.997214e+00	1.533013e-02	-8.580378e-03	1.756803e-02
