#Parameters = {arc_angle=1.6139656200868; central_vac_external_radius=45; central_vac_length=35; copper_sheet_external_radius=35.5; copper_sheet_internal_radius=35; disk_vac_length=2; disk_vac_radius=55; disk_vac_trasl=10; finger_a=10; finger_blend_radius=1; finger_t=1; finger_transl=2.5; fingers_rep=70; meshCells=6.5; mesh_dx=0.2; mesh_dy=0.1; mesh_dz=0.2; pipe_external_radius=35.5; pipe_internal_radius=0; pipe_length=150; sigma_y=0.4; sigma_z=0.4; small_finger_grace_length=0; small_finger_rot=5; small_finger_width=0.1; wakelength=200; x_beam=0; x_path=0; y_beam=0; y_path=0}
#"Frequency / GHz"	"Y [Re]"	"Y [Im]"
#-----------------------------------
0.00000000000000	0.0013309029019368	-9.4142032005286e-14
0.25623423423423	0.0010908546462694	0.014327619005341
0.51246846846847	0.00054753278540909	0.028976007376799
0.76870270270270	-1.4321289894266e-05	0.043925151380076
1.0249369369369	-0.00064130433200347	0.058943584863059
1.2811711711712	-0.0017670019567070	0.074122032288166
1.5374054054054	-0.0036609108290576	0.090226419795845
1.7936396396396	-0.0057097186744898	0.10834283309355
2.0498738738739	-0.0062771844949043	0.12892561646223
2.3061081081081	-0.0034845978753240	0.15099743418111
2.5623423423423	0.0035447339225502	0.17225958449918
2.8185765765766	0.013907716952252	0.19018380016338
3.0748108108108	0.025235250715345	0.20335317964229
3.3310450450450	0.034877288211090	0.21210863498357
3.5872792792793	0.041084751307518	0.21812705414237
3.8435135135135	0.043409225233700	0.22340195024445
4.0997477477477	0.042269534398500	0.22947720284271
4.3559819819820	0.038319607303459	0.23739804738484
4.6122162162162	0.032283929060400	0.24809062797630
4.8684504504505	0.025315409719277	0.26248301161232
5.1246846846847	0.019286474864480	0.28100930179518
5.3809189189189	0.016388327823123	0.30287503118410
5.6371531531532	0.018058210639151	0.32588688146938
5.8933873873874	0.024001998804840	0.34730508792498
6.1496216216216	0.032210255363016	0.36530246937492
6.4058558558559	0.040171362297229	0.37996597271761
6.6620900900901	0.046488848761646	0.39297884740309
6.9183243243243	0.051655840624599	0.40610494678614
7.1745585585586	0.057285922547172	0.41960754435811
7.4307927927928	0.064300916023762	0.43192211437501
7.6870270270270	0.071507136436720	0.44101711145099
7.9432612612613	0.075857672944986	0.44652487843403
8.1994954954955	0.074485579532025	0.45095119810695
8.4557297297297	0.067150225371977	0.45876814030825
8.7119639639640	0.057190809852498	0.47371979198548
8.9681981981982	0.049974806788642	0.49614365714925
9.2244324324324	0.049644695393302	0.52236272639805
9.4806666666667	0.056396114601594	0.54687761984988
9.7369009009009	0.066392434620183	0.56601928522208
9.9931351351351	0.074632544337277	0.58043698768171
10.249369369369	0.078830583451745	0.59440558397291
10.505603603604	0.081357332445185	0.61220458959026
10.761837837838	0.087491582263069	0.63416867031650
11.018072072072	0.10096836694428	0.65558247211043
11.274306306306	0.12010805860675	0.66970845036354
11.530540540541	0.13777941129679	0.67308131897319
11.786774774775	0.14581955620508	0.66912790316614
12.043009009009	0.14106838597953	0.66696006222434
12.299243243243	0.12851222163846	0.67556755654109
12.555477477477	0.11869204815088	0.69725810017049
12.811711711712	0.12059617442265	0.72525794484372
13.067945945946	0.13484310996236	0.74780189118240
13.324180180180	0.15227912398532	0.75641839588695
13.580414414414	0.15962589045223	0.75275996276758
13.836648648649	0.14880414048744	0.74885145900943
14.092882882883	0.12360754017241	0.75993290575879
14.349117117117	0.098787575451026	0.79427611216334
14.605351351351	0.091583607505616	0.84677460740994
14.861585585586	0.11094100847557	0.90090043112307
15.117819819820	0.15147487001058	0.93815422713186
15.374054054054	0.19630387466424	0.94908212583486
15.630288288288	0.22709404472316	0.93875212919250
15.886522522523	0.23488118833299	0.92313488417339
16.142756756757	0.22469833302755	0.91878692595712
16.398990990991	0.21111598721146	0.93262971069972
16.655225225225	0.20781585506630	0.95851466534168
16.911459459459	0.21826260526856	0.98270393706401
17.167693693694	0.23375700003028	0.99439777760187
17.423927927928	0.24012491756160	0.99402799637335
17.680162162162	0.22837772463241	0.99356387596559
17.936396396396	0.20191386969718	1.0085783630860
18.192630630631	0.17519942500476	1.0475615365244
18.448864864865	0.16481551994686	1.1059212720877
18.705099099099	0.17914049377436	1.1688033960021
18.961333333333	0.21384948076365	1.2205668474144
19.217567567568	0.25610244468564	1.2540167911593
19.473801801802	0.29387080280110	1.2728860980422
19.730036036036	0.32316299796289	1.2863538444367
19.986270270270	0.34785362865529	1.3005709064389
20.242504504505	0.37295668705765	1.3143456910580
20.498738738739	0.39762762247907	1.3224714252581
20.754972972973	0.41439530812776	1.3235257485341
21.011207207207	0.41572411818451	1.3248638010199
21.267441441441	0.40236324912688	1.3396402826014
21.523675675676	0.38580508429317	1.3775849844855
21.779909909910	0.38179875030557	1.4371740902904
22.036144144144	0.39971788608279	1.5063906405630
22.292378378378	0.43690332636714	1.5722031148877
22.548612612613	0.48356476967757	1.6308704527006
22.804846846847	0.53466521349190	1.6893982150559
23.061081081081	0.59802208580905	1.7554204811389
23.317315315315	0.68951282003087	1.8234424746511
23.573549549550	0.81672920560336	1.8706575367283
23.829783783784	0.96380824069290	1.8697323809601
24.086018018018	1.0925272832363	1.8121559570250
24.342252252252	1.1643309068883	1.7244900473162
24.598486486486	1.1712315722463	1.6611856258726
24.854720720721	1.1531849171591	1.6726926843288
25.110954954955	1.1849282461876	1.7666139376078
25.367189189189	1.3345673996445	1.8884751313237
25.623423423423	1.6167277070990	1.9393565965453
25.879657657658	1.9700620647831	1.8249745377548
26.135891891892	2.2762888495648	1.5096543586288
26.392126126126	2.4131988780400	1.0435274010671
26.648360360360	2.3132451542024	0.54609066388863
26.904594594595	1.9958439934288	0.15451794116125
27.160828828829	1.5571198436265	-0.035297790380277
27.417063063063	1.1249490203218	-0.0047213628289603
27.673297297297	0.80471177586868	0.18992496267023
27.929531531532	0.64269190379733	0.45171730082065
28.185765765766	0.62102302932166	0.68838932140533
28.442000000000	0.68025094674004	0.84608879353019
28.698234234234	0.75354423144592	0.91945846953253
28.954468468468	0.79519002423592	0.93947425249686
29.210702702703	0.79299282957011	0.94972692400746
29.466936936937	0.76362988889868	0.98373840033072
29.723171171171	0.73695893374015	1.0521905011153
29.979405405405	0.73801097384998	1.1431207544332
30.235639639640	0.77463640086063	1.2327688194119
30.491873873874	0.83567152255188	1.3009218941615
30.748108108108	0.89983999141550	1.3429550264718
31.004342342342	0.95049132444552	1.3721595162441
31.260576576577	0.98783999070112	1.4106883116470
31.516810810811	1.0310307977564	1.4738914084433
31.773045045045	1.1077972997096	1.5573937633521
32.029279279279	1.2371668918212	1.6355363220295
32.285513513514	1.4157775321952	1.6732691719709
32.541747747748	1.6169692964509	1.6448750731027
32.797981981982	1.8040249531313	1.5478029013218
33.054216216216	1.9494973355750	1.4023783190150
33.310450450450	2.0479371622398	1.2372286146333
33.566684684685	2.1131930257197	1.0701179147602
33.822918918919	2.1617782437946	0.89767393500008
34.079153153153	2.1938447525674	0.70205575088145
34.335387387387	2.1859939152375	0.47104391630576
34.591621621622	2.1029978547752	0.21793713696679
34.847855855856	1.9226633661112	-0.013803087164337
35.104090090090	1.6579738844570	-0.16723580249186
35.360324324324	1.3605263644371	-0.20188584439990
35.616558558559	1.1001321867152	-0.11883029502183
35.872792792793	0.93085091419474	0.035930443756912
36.129027027027	0.86361336337909	0.19397298274838
36.385261261261	0.86284138838147	0.30049830810877
36.641495495495	0.87000563089667	0.34216395707590
36.897729729730	0.83984403231575	0.34935818637917
37.153963963964	0.76643641503458	0.37166583870054
37.410198198198	0.68268049167925	0.44273385130085
37.666432432432	0.63423328942874	0.55776746912498
37.922666666667	0.64606832589270	0.67833076648192
38.178900900901	0.70468169918526	0.76045907693967
38.435135135135	0.76800998209057	0.78604250575372
38.691369369369	0.79568566193621	0.77526719479142
38.947603603604	0.77790120092609	0.77133530392143
39.203837837838	0.74210030200365	0.80841700310749
39.460072072072	0.73246220865281	0.88586805783506
39.716306306306	0.77662463200552	0.96749205313125
39.972540540541	0.86345259231789	1.0069189105918
40.228774774775	0.94815714622759	0.98150655837438
40.485009009009	0.98190933088194	0.91078860467272
40.741243243243	0.94575055609597	0.84595718522775
40.997477477477	0.86524435906961	0.83689082976233
41.253711711712	0.79528441073868	0.89887596586592
41.509945945946	0.78477352812472	1.0016475491176
41.766180180180	0.84459755642177	1.0884527058091
42.022414414414	0.94021468483379	1.1127599894430
42.278648648649	1.0138594583838	1.0685174086927
42.534882882883	1.0218559341914	0.99417047333079
42.791117117117	0.96273172761324	0.94790656002991
43.047351351351	0.87797235865557	0.97032277978454
43.303585585586	0.82512547246978	1.0587478349470
43.559819819820	0.84086840375667	1.1697377494297
43.816054054054	0.91806751464649	1.2479264556922
44.072288288288	1.0117191859820	1.2622899655255
44.328522522523	1.0698435802650	1.2259963508681
44.584756756757	1.0689807580945	1.1866026135413
44.840990990991	1.0305947514539	1.1927770436906
45.097225225225	1.0068849387109	1.2594986810781
45.353459459459	1.0446738664502	1.3553574179831
45.609693693694	1.1511359573959	1.4215517726484
45.865927927928	1.2849052952153	1.4111512470733
46.122162162162	1.3800160828042	1.3229154675378
46.378396396396	1.3882443229768	1.2063698457743
46.634630630631	1.3122286520499	1.1331323947874
46.890864864865	1.2066301811953	1.1520697438594
47.147099099099	1.1451300956961	1.2576029854225
47.403333333333	1.1740414338043	1.3928685656003
47.659567567568	1.2831878873778	1.4867523891393
47.915801801802	1.4141651794272	1.5008510462797
48.172036036036	1.5014725899340	1.4548108418380
48.428270270270	1.5194940276113	1.4120418164987
48.684504504505	1.5033041032623	1.4340854636370
48.940738738739	1.5277927893537	1.5335564438785
49.196972972973	1.6571960050155	1.6577916746983
49.453207207207	1.8975568465761	1.7160255352612
49.709441441441	2.1840250291199	1.6343860859738
49.965675675676	2.4130951710264	1.4040365508575
50.221909909910	2.5008486508470	1.0911470151075
50.478144144144	2.4309749296185	0.80128359861032
50.734378378378	2.2622991761609	0.61990745764822
50.990612612613	2.0911115320781	0.56608152224798
51.246846846847	1.9923280310286	0.58809552291047
51.503081081081	1.9768327860047	0.60287947130736
51.759315315315	1.9916381476068	0.55310426665975
52.015549549550	1.9616963257901	0.44482326496218
52.271783783784	1.8452894122179	0.34148437020606
52.528018018018	1.6662941219760	0.31870158385047
52.784252252252	1.5018148600144	0.40983199574654
53.040486486486	1.4328747478213	0.57856321903627
53.296720720721	1.4901919071859	0.73735119659860
53.552954954955	1.6307879378042	0.80077887854399
53.809189189189	1.7617236248167	0.73987144088815
54.065423423423	1.7969461583921	0.60202865235991
54.321657657658	1.7114391679808	0.48268395049952
54.577891891892	1.5577341212101	0.46564362068599
54.834126126126	1.4332343929023	0.56967174517092
55.090360360360	1.4182014842488	0.73581970275473
55.346594594595	1.5237031021914	0.86462791994987
55.602828828829	1.6834774930696	0.88032290970524
55.859063063063	1.7961642774281	0.78091235309059
56.115297297297	1.7916796038798	0.64094874654841
56.371531531532	1.6787263716519	0.56363982590486
56.627765765766	1.5412468642905	0.61234045653891
56.884000000000	1.4842746550282	0.76642604946354
57.140234234234	1.5635735122869	0.93218914581014
57.396468468468	1.7459827332020	1.0036896421820
57.652702702703	1.9287813521440	0.93430888776744
57.908936936937	2.0074200150286	0.77050416178962
58.165171171171	1.9471530065163	0.62284593845915
58.421405405405	1.8091676297169	0.59158388593880
58.677639639640	1.7110070372242	0.69650596110399
58.933873873874	1.7460551894120	0.86032295353624
59.190108108108	1.9168439583543	0.95959419973388
59.446342342342	2.1298190625794	0.91020982187180
59.702576576577	2.2579144774302	0.72841586698390
59.958810810811	2.2294205655748	0.52302208129291
60.215045045045	2.0810605348150	0.42140302032563
60.471279279279	1.9359656428014	0.47915990661486
60.727513513514	1.9190377891568	0.63704713301037
60.983747747748	2.0671910738242	0.75775404493654
61.239981981982	2.2977953514248	0.71979832248290
61.496216216216	2.4598299209564	0.50468711621646
61.752450450450	2.4350095757140	0.21618909915228
62.008684684685	2.2204204281144	0.016194737874897
62.264918918919	1.9354760933994	0.018995866617241
62.521153153153	1.7470176419164	0.21502500710564
62.777387387387	1.7620445961011	0.47571848314521
63.033621621622	1.9595581950918	0.63651297419634
63.289855855856	2.2064731178446	0.60261504924070
63.546090090090	2.3460843960716	0.40762041680077
63.802324324324	2.2997503144424	0.18745230734301
64.058558558559	2.1150756236400	0.088670320065890
64.314792792793	1.9307139821028	0.17268824168324
64.571027027027	1.8832031101156	0.37824892936319
64.827261261261	2.0180818047871	0.56461370547516
65.083495495495	2.2626409067526	0.60490041326522
65.339729729730	2.4759014668992	0.46770513121626
65.595963963964	2.5411966328621	0.23480522547704
65.852198198198	2.4405488300689	0.045488982250600
66.108432432432	2.2635996745032	0.0053365463336725
66.364666666667	2.1470663183239	0.11891830400941
66.620900900901	2.1852113839578	0.28906051856153
66.877135135135	2.3694673985919	0.38181389208870
67.133369369369	2.5956522966167	0.31417583122994
67.389603603604	2.7332872155878	0.10754549126988
67.645837837838	2.7115091929764	-0.12757161361298
67.902072072072	2.5654116959736	-0.26546464717403
68.158306306306	2.4122248967985	-0.24936414156680
68.414540540541	2.3724191636649	-0.13031800141377
68.670774774775	2.4872992449874	-0.034275232783861
68.927009009009	2.6879869587990	-0.077830334738957
69.183243243243	2.8378641164180	-0.28766499751382
69.439477477477	2.8222056256472	-0.57774555085060
69.695711711712	2.6264690708871	-0.80135050139862
69.951945945946	2.3505421173395	-0.84550401708559
70.208180180180	2.1475185452730	-0.70608973162065
70.464414414414	2.1257089990634	-0.49312718242561
70.720648648649	2.2781272390939	-0.36110220743785
70.976882882883	2.4867161748767	-0.40920019060203
71.233117117117	2.5994775761820	-0.61717510757245
71.489351351351	2.5299390689861	-0.85963637565551
71.745585585586	2.3130254513703	-0.98948029984259
72.001819819820	2.0802968973764	-0.93488167758810
72.258054054054	1.9715518155875	-0.74516526652203
72.514288288288	2.0424607883561	-0.55543202839616
72.770522522523	2.2301674362191	-0.49469344727830
73.026756756757	2.3991082607379	-0.60015038339481
73.282990990991	2.4347882473511	-0.79539775741432
73.539225225225	2.3211133700022	-0.94626495307138
73.795459459459	2.1488722243120	-0.95502741792430
74.051693693694	2.0505266590304	-0.82804071039828
74.307927927928	2.1068480089343	-0.67070393318001
74.564162162162	2.2897683943791	-0.61375633296826
74.820396396396	2.4806143279211	-0.72182933538649
75.076630630631	2.5512268358139	-0.94707093626728
75.332864864865	2.4526281157289	-1.1598135769973
75.589099099099	2.2507398985672	-1.2359132098052
75.845333333333	2.0843382777653	-1.1419742303360
76.101567567568	2.0727003297824	-0.96083602548904
76.357801801802	2.2342612549680	-0.83937489331913
76.614036036036	2.4706917838748	-0.89228012454361
76.870270270270	2.6279201506384	-1.1248436425734
77.126504504505	2.5951202539961	-1.4257686911863
77.382738738739	2.3776146392921	-1.6356098387336
77.638972972973	2.0962042449795	-1.6473737524307
77.895207207207	1.9127467514459	-1.4748487833618
78.151441441441	1.9292103435162	-1.2448188367863
78.407675675676	2.1244149578440	-1.1180490431272
78.663909909910	2.3684427362819	-1.1893912963524
78.920144144144	2.5049772092525	-1.4303827746735
79.176378378378	2.4486485774970	-1.7100932931772
79.432612612613	2.2355246731060	-1.8796785396248
79.688846846847	1.9957318472104	-1.8656272278939
79.945081081081	1.8676300216808	-1.7120925652937
80.201315315315	1.9101886677651	-1.5466577897348
80.457549549550	2.0701433266737	-1.4939850007624
80.713783783784	2.2235621584926	-1.5951792917539
80.970018018018	2.2622232834011	-1.7856505369952
81.226252252252	2.1662480361974	-1.9445026729951
81.482486486487	2.0146939131995	-1.9806825839896
81.738720720721	1.9280755430642	-1.8970996680159
81.994954954955	1.9825888442261	-1.7894620898746
82.251189189189	2.1545316957259	-1.7809456122186
82.507423423423	2.3327272386146	-1.9370973323626
82.763657657658	2.3907919918507	-2.2185875449681
83.019891891892	2.2708045342387	-2.5038836818017
83.276126126126	2.0222861063522	-2.6669424706506
83.532360360360	1.7703784767753	-2.6581555185992
83.788594594595	1.6344978839986	-2.5346750095904
84.044828828829	1.6517982906337	-2.4202051855421
84.301063063063	1.7563983769503	-2.4215891159440
84.557297297297	1.8277838036648	-2.5584131716953
84.813531531532	1.7752013021308	-2.7529896623766
85.069765765766	1.6004801570142	-2.8872565125868
85.326000000000	1.3961320851806	-2.8876192952595
85.582234234234	1.2794647505427	-2.7792567375456
85.838468468468	1.3074739456221	-2.6715107859744
86.094702702703	1.4315157832366	-2.6827398907928
86.350936936937	1.5248397598278	-2.8551235175474
86.607171171171	1.4666966006198	-3.1184576874426
86.863405405405	1.2270884182294	-3.3301833625979
87.119639639640	0.89378582279950	-3.3673616808519
87.375873873874	0.62079917947638	-3.2098272472575
87.632108108108	0.53046238779047	-2.9578118437617
87.888342342342	0.63373774092620	-2.7702998484709
88.144576576577	0.82247290058063	-2.7637733440634
88.400810810811	0.93961019021031	-2.9384276514742
88.657045045045	0.88080959886838	-3.1810766069042
88.913279279279	0.65958100537154	-3.3424008040844
89.169513513514	0.39283157973230	-3.3359634907671
89.425747747748	0.21797662082191	-3.1920533330713
89.681981981982	0.19919646694683	-3.0308963365460
89.938216216216	0.28705129857369	-2.9753921530385
90.194450450450	0.35803727123835	-3.0648026794698
90.450684684685	0.30503103095662	-3.2292794530725
90.706918918919	0.11458405870578	-3.3420959913211
90.963153153153	-0.12317210758699	-3.3120772148193
91.219387387387	-0.27876105532451	-3.1508240125879
91.475621621622	-0.27652000898614	-2.9671405372691
91.731855855856	-0.15112582225492	-2.8920019399142
91.988090090090	-0.027225709200768	-2.9860068451303
92.244324324324	-0.035226215352128	-3.1938835351714
92.500558558559	-0.22077149881695	-3.3785631011768
92.756792792793	-0.51042426765325	-3.4126708197095
93.013027027027	-0.75807775414986	-3.2655546583622
93.269261261261	-0.84163022742825	-3.0264164750704
93.525495495496	-0.74499590525232	-2.8471375555981
93.781729729730	-0.57012428090608	-2.8427186558156
94.037963963964	-0.47084409716811	-3.0159240239701
94.294198198198	-0.55296707704516	-3.2562640441445
94.550432432432	-0.80741588466670	-3.4131632695782
94.806666666667	-1.1201368330007	-3.3933785155187
95.062900900901	-1.3501921039419	-3.2173475614113
95.319135135135	-1.4217184571115	-2.9983444264108
95.575369369369	-1.3676238422286	-2.8615615128092
95.831603603604	-1.2978033752865	-2.8605436132830
96.087837837838	-1.3174227142932	-2.9480917161345
96.344072072072	-1.4543696812616	-3.0188080429185
96.600306306306	-1.6461847601895	-2.9896673732141
96.856540540541	-1.7927497330330	-2.8594512286013
97.112774774775	-1.8338038254669	-2.7051874703865
97.369009009009	-1.7938274867501	-2.6205903712922
97.625243243243	-1.7622485707732	-2.6435302102737
97.881477477477	-1.8250357293585	-2.7264319177452
98.137711711712	-1.9991172058485	-2.7708851746438
98.393945945946	-2.2181169589059	-2.7001735419413
98.650180180180	-2.3794735760292	-2.5159599091876
98.906414414414	-2.4178659052892	-2.2977520888727
99.162648648649	-2.3511850317915	-2.1462151247213
99.418882882883	-2.2662191733736	-2.1122612570316
99.675117117117	-2.2556332381461	-2.1633119560197
99.931351351351	-2.3527918221492	-2.2100095449900
100.18758558559	-2.5112757083849	-2.1723769417778
100.44381981982	-2.6423145502318	-2.0365999256464
100.70005405405	-2.6811975929137	-1.8619199205294
100.95628828829	-2.6338064720682	-1.7344050191740
101.21252252252	-2.5703610182799	-1.7027206935734
101.46875675676	-2.5725207276514	-1.7428001590772
101.72499099099	-2.6732538340131	-1.7760542714906
101.98122522523	-2.8328071159072	-1.7266978610340
102.23745945946	-2.9670723727949	-1.5763917307073
102.49369369369	-3.0071014096671	-1.3776107773388
102.74992792793	-2.9473746664221	-1.2173426604788
103.00616216216	-2.8497175114858	-1.1575173472800
103.26239639640	-2.8015276536280	-1.1935567056200
103.51863063063	-2.8581223274277	-1.2583169949200
103.77486486486	-3.0082364710927	-1.2667937992367
104.03109909910	-3.1840687570519	-1.1700552211455
104.28733333333	-3.3064677817819	-0.98281825283833
104.54356756757	-3.3335149621981	-0.76898824304887
104.79980180180	-3.2812023532807	-0.59819851079894
105.05603603604	-3.2059870850814	-0.50402540957137
105.31227027027	-3.1648916924412	-0.47027908017002
105.56850450450	-3.1817546539617	-0.45038873742666
105.82473873874	-3.2406907446577	-0.40236366304610
106.08097297297	-3.3067957061522	-0.31352670965269
106.33720720721	-3.3552858103975	-0.19959943818702
106.59344144144	-3.3865660675869	-0.082932131476784
106.84967567568	-3.4176333995752	0.030403171962173
107.10590990991	-3.4593063009396	0.15577882597660
107.36214414414	-3.4996103382919	0.31377243452846
107.61837837838	-3.5083117993490	0.50654681032916
107.87461261261	-3.4603049000415	0.70745987734409
108.13084684685	-3.3595732668309	0.87473978745727
108.38708108108	-3.2433047513734	0.98101231586373
108.64331531532	-3.1598285165318	1.0366089429723
108.89954954955	-3.1343749901747	1.0871099508160
109.15578378378	-3.1478196721430	1.1837274959635
109.41201801802	-3.1461650248369	1.3460486245334
109.66825225225	-3.0767553296867	1.5444104970848
109.92448648649	-2.9266640522127	1.7167633548073
110.18072072072	-2.7351345553670	1.8102207574041
110.43695495495	-2.5693320545662	1.8184646948322
110.69318918919	-2.4792089467370	1.7875700890906
110.94942342342	-2.4634760704509	1.7848319897606
111.20565765766	-2.4716979320825	1.8523133209687
111.46189189189	-2.4415156669730	1.9788136594730
111.71812612613	-2.3438023012476	2.1110363756517
111.97436036036	-2.2020603813504	2.1957027998285
112.23059459459	-2.0712797255151	2.2207359248193
112.48682882883	-1.9922519317074	2.2236815355961
112.74306306306	-1.9567946434639	2.2600864565199
112.99929729730	-1.9120553773425	2.3556379036077
113.25553153153	-1.8025755074445	2.4797592568890
113.51176576577	-1.6188985441945	2.5635737438291
113.76800000000	-1.4142417824495	2.5517336278038
114.02423423423	-1.2728452045901	2.4503126736310
114.28046846847	-1.2497305506645	2.3329745764633
114.53670270270	-1.3250868621071	2.2964468969352
114.79293693694	-1.4089549728868	2.3938457058097
115.04917117117	-1.3972203862392	2.5930865680403
115.30540540541	-1.2422980660078	2.7926245787996
115.56163963964	-0.98873350607364	2.8872764768587
115.81787387387	-0.74610328392387	2.8403274246131
116.07410810811	-0.61488620898370	2.7110550105479
116.33034234234	-0.61539276991707	2.6157773942819
116.58657657658	-0.67035362803623	2.6466677202151
116.84281081081	-0.65629192761096	2.8038965883019
117.09904504505	-0.49068461681520	2.9901489194515
117.35527927928	-0.19464382675292	3.0748245629410
117.61151351351	0.11506673504034	2.9859736029263
117.86774774775	0.30308094710304	2.7658247127682
118.12398198198	0.31050710917162	2.5480337248919
118.38021621622	0.20109029475044	2.4683026362879
118.63645045045	0.12259909794249	2.5684178984347
118.89268468468	0.20626279810036	2.7619714861144
119.14891891892	0.47284949336621	2.8896357347528
119.40515315315	0.81296960833633	2.8290259323215
119.66138738739	1.0593048028220	2.5830546609076
119.91762162162	1.1030576405469	2.2824117392049
120.17385585586	0.97275039575302	2.0968394476142
120.43009009009	0.81720064249353	2.1156577026789
120.68632432432	0.80166633090589	2.2827312690488
120.94255855856	0.98960833402727	2.4346675291902
121.19879279279	1.2954970274316	2.4175130119883
121.45502702703	1.5449771737498	2.1991190591528
121.71126126126	1.6013011844300	1.8950091431427
121.96749549550	1.4672460261272	1.6865457878140
122.22372972973	1.2871860086652	1.6884983443764
122.47996396396	1.2450968273551	1.8616818594221
122.73619819820	1.4302579118313	2.0358455593115
122.99243243243	1.7677748453805	2.0291823170236
123.24866666667	2.0662368515987	1.7802495096767
123.50490090090	2.1512028579326	1.3971907445361
123.76113513514	1.9907081846575	1.0867027917012
124.01736936937	1.7228587332835	1.0106134662387
124.27360360360	1.5637176297972	1.1703506864224
124.52983783784	1.6581002569506	1.4014338496125
124.78607207207	1.9769662845102	1.4838288118858
125.04230630631	2.3337637383216	1.2929621252215
125.29854054054	2.5100005849909	0.88703046768888
125.55477477477	2.4044236583634	0.46940079020552
125.81100900901	2.1030364714532	0.25073248770544
126.06724324324	1.8208695767324	0.30493569832235
126.32347747748	1.7544212446693	0.51829343530299
126.57971171171	1.9458172363693	0.66787711130001
126.83594594595	2.2529670194012	0.57641231290386
127.09218018018	2.4478986607076	0.23688053071649
127.34841441441	2.3765453904240	-0.18070476392301
127.60464864865	2.0688276866270	-0.44724502110644
127.86088288288	1.7202122522807	-0.43647036898098
128.11711711712	1.5548543081340	-0.21675567876386
128.37335135135	1.6651287587804	-0.0053717033386529
128.62958558559	1.9423113065111	-0.014210732478433
128.88581981982	2.1512948481894	-0.29530555641299
129.14205405405	2.0996039567045	-0.69843587588237
129.39828828829	1.7804270212219	-0.97546495301835
129.65452252252	1.3840389354520	-0.95989673200502
129.91075675676	1.1648825554121	-0.69235441539150
130.16699099099	1.2574033317358	-0.39809859206050
130.42322522523	1.5744356318929	-0.32885112388350
130.67945945946	1.8647305506675	-0.58166637998869
130.93569369369	1.8905022262575	-1.0271440775813
131.19192792793	1.5965595047787	-1.4008836301896
131.44816216216	1.1473175273634	-1.4921440484325
131.70439639640	0.80498922711214	-1.2915145849982
131.96063063063	0.73977843474602	-0.98995866531886
132.21686486486	0.91251330244180	-0.83261695829928
132.47309909910	1.1142844069041	-0.93857045937013
132.72933333333	1.1289458076847	-1.2208280390760
132.98556756757	0.89334836487546	-1.4623974366773
133.24180180180	0.53564637354226	-1.4854035159457
133.49803603604	0.26802169698653	-1.2821217917944
133.75427027027	0.22141244911747	-1.0103680974821
134.01050450450	0.35079751971527	-0.86267205875128
134.26673873874	0.48080241118074	-0.91497521019883
134.52297297297	0.45097137266815	-1.0725532896321
134.77920720721	0.24452140411302	-1.1518770886802
135.03544144144	0.00075251618746634	-1.0308592743020
135.29167567568	-0.096024162430134	-0.74896359793248
135.54790990991	0.037205767848303	-0.48025787863077
135.80414414414	0.31391452453639	-0.40174424480747
136.06037837838	0.53922601095544	-0.55866634867480
136.31661261261	0.55298805782631	-0.82863648721274
136.57284684685	0.34690898275665	-1.0102000284435
136.82908108108	0.069734765466755	-0.96865671108776
137.08531531532	-0.081241254431904	-0.73177675597391
137.34154954955	-0.0016036320489618	-0.46750912121391
137.59778378378	0.24758848760074	-0.36258831247400
137.85401801802	0.48541550597122	-0.49064505720211
138.11025225225	0.53937645919119	-0.76256415460930
138.36648648649	0.36451481262747	-0.99098386952185
138.62272072072	0.071440888253156	-1.0206497725110
138.87895495495	-0.15294623002236	-0.83291690623552
139.13518918919	-0.17422162212606	-0.55377498687519
139.39142342342	0.00089369097708822	-0.36306804233966
139.64765765766	0.23535010133117	-0.37007303057757
139.90389189189	0.36180664378436	-0.54184293773992
140.16012612613	0.30050010760889	-0.73255812934243
140.41636036036	0.11230834261020	-0.79140165665572
140.67259459459	-0.049598625331106	-0.67171888559062
140.92882882883	-0.054327153081286	-0.46335243007822
141.18506306306	0.10887868161914	-0.32450678795883
141.44129729730	0.32160797989154	-0.36206587179379
141.69753153153	0.42463916291246	-0.54836472800304
141.95376576577	0.34007174882320	-0.73808381492141
142.21000000000	0.13582135643943	-0.77613064148310
142.46623423423	-0.019217478131070	-0.61802536028819
142.72246846847	0.019958157658578	-0.37107293116780
142.97870270270	0.26169641550551	-0.22086466720919
143.23493693694	0.56444050254690	-0.29423237522698
143.49117117117	0.73776935092162	-0.56142715186030
143.74740540541	0.68458675241030	-0.85479704784358
144.00363963964	0.47595035083958	-0.99419861684750
144.25987387387	0.29776317314981	-0.92571830682178
144.51610810811	0.30612363806096	-0.76589530665185
144.77234234234	0.50118753144305	-0.71317924486840
145.02857657658	0.71933295688967	-0.89087092946393
145.28481081081	0.75468879117003	-1.2420058662533
145.54104504505	0.52041085464136	-1.5606268998779
145.79727927928	0.12597762484588	-1.6407587954347
146.05351351351	-0.19217245337277	-1.4327671638643
146.30974774775	-0.23836472940123	-1.0882480218467
146.56598198198	0.00033713328276039	-0.85726237523607
146.82221621622	0.34380330070875	-0.91289944141237
147.07845045045	0.54738141269702	-1.2326346292152
147.33468468468	0.47302821774783	-1.6223000939958
147.59091891892	0.17720000071765	-1.8609637281461
147.84715315315	-0.14485920389527	-1.8563067283660
148.10338738739	-0.31024592564946	-1.6968084331130
148.35962162162	-0.27848058406239	-1.5689211846581
148.61585585586	-0.16607277422007	-1.6094263477343
148.87209009009	-0.14288592789434	-1.8074435822557
149.12832432432	-0.29661584977312	-2.0263410837370
149.38455855856	-0.57069401792601	-2.1208391546212
149.64079279279	-0.81899495768489	-2.0533997830704
149.89702702703	-0.92885174890238	-1.9194310752336
150.15326126126	-0.91329022624899	-1.8651503643532
150.40949549550	-0.90069109884224	-1.9656124738578
150.66572972973	-1.0313914842622	-2.1595375058961
150.92196396396	-1.3425296660105	-2.2920926079164
151.17819819820	-1.7308891507162	-2.2333422574314
151.43443243243	-2.0239705121946	-1.9822549556761
151.69066666667	-2.1078268436114	-1.6764190766676
151.94690090090	-2.0170346372279	-1.4971933458217
152.20313513514	-1.9185728337884	-1.5372119049542
152.45936936937	-1.9975370778576	-1.7260196209708
152.71560360360	-2.3236198724040	-1.8697857447334
152.97183783784	-2.7928076968847	-1.7810566171692
153.22807207207	-3.1879822586813	-1.4105991417070
153.48430630631	-3.3203864129345	-0.89002520779358
153.74054054054	-3.1575955008568	-0.45346245675783
153.99677477477	-2.8513615368390	-0.28831048972196
154.25300900901	-2.6452629405509	-0.41337646244136
154.50924324324	-2.7222606184736	-0.66468750967524
154.76547747748	-3.0916871211719	-0.79746823131069
155.02171171171	-3.5875304686923	-0.63619074186936
155.27794594595	-3.9748120406241	-0.17521025171792
155.53418018018	-4.0904479744888	0.43074609515245
155.79041441441	-3.9272158344262	0.97120664994203
156.04664864865	-3.6144359638419	1.3037084484781
156.30288288288	-3.3221080578391	1.4162929862091
156.55911711712	-3.1629107777913	1.4001196272368
156.81535135135	-3.1559851916389	1.3699162932668
157.07158558559	-3.2602348971458	1.4003179083563
157.32781981982	-3.4301196311756	1.5199974996101
157.58405405405	-3.6376178614154	1.7482416295625
157.84028828829	-3.8454126041753	2.1205101380452
158.09652252252	-3.9703196203885	2.6639356375220
158.35275675676	-3.8927000146049	3.3383259892037
158.60899099099	-3.5284276808895	4.0038043104997
158.86522522523	-2.9159036785811	4.4677771281073
159.12145945946	-2.2388530160977	4.6011036436565
159.37769369369	-1.7414173602552	4.4452063239159
159.63392792793	-1.5750124124705	4.2190587864643
159.89016216216	-1.6819318633297	4.1981245407317
160.14639639640	-1.8103744622208	4.5345808152191
160.40263063063	-1.6675185801095	5.1438006319256
160.65886486486	-1.1134434796866	5.7461722419953
160.91509909910	-0.25989924884715	6.0453414841329
161.17133333333	0.60036937173412	5.9225086185418
161.42756756757	1.1873537466393	5.5102104383099
161.68380180180	1.4142978296505	5.0941500752248
161.94003603604	1.4288406715171	4.9160569705561
162.19627027027	1.4921907902936	5.0203975951245
162.45250450450	1.7920551442187	5.2502544117319
162.70873873874	2.3280841386394	5.3829389396357
162.96497297297	2.9454810201774	5.2934020419564
163.22120720721	3.4752801469128	5.0215595340457
163.47744144144	3.8616563888831	4.7038871862856
163.73367567568	4.1771581302216	4.4398006729464
163.98990990991	4.5254820847701	4.2106559852831
164.24614414414	4.9257161695361	3.9177869826289
164.50237837838	5.2847584492385	3.5006909168541
164.75861261261	5.4865253822504	3.0253479370174
165.01484684685	5.5228230258820	2.6550819909507
165.27108108108	5.5477769853223	2.5149733053560
165.52731531532	5.7930443948027	2.5556493731890
165.78354954955	6.3928866723611	2.5349864301594
166.03978378378	7.2483324960762	2.1528217632438
166.29601801802	8.0428384505157	1.2561103241645
166.55225225225	8.4168828319105	-0.029864993298874
166.80848648649	8.1922994710382	-1.3454768529864
167.06472072072	7.4951966605109	-2.2980883475220
167.32095495495	6.6908794354346	-2.6930271307070
167.57718918919	6.1700336941687	-2.6441567179460
167.83342342342	6.1241921311253	-2.4944052125316
168.08965765766	6.4525580648434	-2.6026638417048
168.34589189189	6.8513741853869	-3.1381027423538
168.60212612613	7.0159556365369	-4.0104821472946
168.85836036036	6.8169377006076	-4.9679931992945
169.11459459459	6.3397804986670	-5.7817477968025
169.37082882883	5.7768330169729	-6.3847483697500
169.62706306306	5.2627456106101	-6.8747979747463
169.88329729730	4.7772066671031	-7.3926897853255
170.13953153153	4.1834676765138	-7.9763128497446
170.39576576577	3.3683217341268	-8.5057674147869
170.65200000000	2.3728329438621	-8.7851584096656
170.90823423423	1.4078270126727	-8.7035135921150
171.16446846847	0.73120584845159	-8.3545204393309
171.42070270270	0.46673931228703	-8.0187138166977
171.67693693694	0.49218939330403	-8.0071309352887
171.93317117117	0.48211660217028	-8.4651905132109
172.18940540541	0.085888037319434	-9.2679465089165
172.44563963964	-0.87182133511821	-10.078519853502
172.70187387387	-2.2959181517657	-10.531990404262
172.95810810811	-3.8859125805527	-10.425280199289
173.21434234234	-5.3080832599624	-9.7967965297572
173.47057657658	-6.3572262382423	-8.8621335179153
173.72681081081	-7.0126030461037	-7.8704478543805
173.98304504505	-7.3790772265478	-6.9879366059408
174.23927927928	-7.5854926297712	-6.2743042157258
174.49551351351	-7.7269414348782	-5.7340882334590
174.75174774775	-7.8805924109936	-5.3678646452604
175.00798198198	-8.1492837377149	-5.1634449139111
175.26421621622	-8.6595084734174	-5.0372805166235
175.52045045045	-9.4851099318170	-4.7977484012995
175.77668468468	-10.546800229744	-4.1979014091870
176.03291891892	-11.581017861157	-3.0737518214031
176.28915315315	-12.236505244932	-1.4817278361048
176.54538738739	-12.263773100836	0.27426781243300
176.80162162162	-11.681606217573	1.7731182745586
177.05785585586	-10.801730790889	2.7028810868201
177.31409009009	-10.076984632828	3.0469151474364
177.57032432432	-9.8537445494714	3.1083756174642
177.82655855856	-10.175504343886	3.3499074956454
178.08279279279	-10.755338873903	4.1405545417605
178.33902702703	-11.131183296711	5.5571457403999
178.59526126126	-10.909668038250	7.3493130120173
178.85149549550	-9.9603393677882	9.0762362835995
179.10772972973	-8.4633121969302	10.327624364057
179.36396396396	-6.8040062906262	10.908175870214
179.62019819820	-5.3872797724557	10.903207086774
179.87643243243	-4.4672923609431	10.616623817779
180.13266666667	-4.0591708847469	10.430983889404
180.38890090090	-3.9476239192542	10.655828274920
180.64513513514	-3.7714385854046	11.412956914612
180.90136936937	-3.1524169535178	12.583195454095
181.15760360360	-1.8385098643032	13.826950683509
181.41383783784	0.17483141881731	14.685367317373
181.67007207207	2.5938859337120	14.751354266688
181.92630630631	4.8939463699478	13.862199625860
182.18254054054	6.5144801906849	12.227024677588
182.43877477477	7.1218647142437	10.399907598517
182.69500900901	6.8154041951674	9.0675740380726
182.95124324324	6.1464632857971	8.7227244634412
183.20747747748	5.8983991740415	9.3824513306529
183.46371171171	6.7071986334859	10.520068453653
183.71994594595	8.7131014775608	11.282545758702
183.97618018018	11.444484169064	10.906999738326
184.23241441441	14.023087497343	9.1211662472726
184.48864864865	15.599413567876	6.3011131077461
184.74488288288	15.785678392456	3.2849393125061
185.00111711712	14.843392326811	0.93676750666998
185.25735135135	13.518322930195	-0.29663568164381
185.51358558559	12.619449017690	-0.58777978920440
185.76981981982	12.586209152551	-0.58266602371732
186.02605405405	13.288442496444	-1.0058884097783
186.28228828829	14.157318765807	-2.2556447524380
186.53852252252	14.546919303991	-4.2190600553498
186.79475675676	14.099334260751	-6.3921220625418
187.05099099099	12.905120440296	-8.2028419584884
187.30722522523	11.393329997102	-9.3284958550436
187.56345945946	10.051901890484	-9.8277827415511
187.81969369369	9.1637627501008	-10.043278039189
188.07592792793	8.7035736560604	-10.371548939510
188.33216216216	8.4178235342789	-11.056892159202
188.58839639640	7.9982903210278	-12.115703025799
188.84463063063	7.2274452646424	-13.393369205248
189.10086486486	6.0286309422758	-14.675901169634
189.35709909910	4.4369297019742	-15.773595453975
189.61333333333	2.5510683343935	-16.549017066426
189.86956756757	0.50782512615370	-16.918016236884
190.12580180180	-1.5295148595850	-16.861385351245
190.38203603604	-3.4030305582663	-16.447208209726
190.63827027027	-5.0222858224459	-15.825899873095
190.89450450450	-6.4179699751107	-15.167027628493
191.15073873874	-7.7294338191281	-14.559771654634
191.40697297297	-9.1091631453991	-13.948930327926
191.66320720721	-10.600447502752	-13.171113253482
191.91944144144	-12.084882888183	-12.083442106880
192.17567567568	-13.357282746050	-10.693740567810
192.43190990991	-14.286345900570	-9.1816572800786
192.68814414414	-14.937913566797	-7.7741943623084
192.94437837838	-15.548748826470	-6.5576181939901
193.20061261261	-16.347473940993	-5.3750797477017
193.45684684685	-17.347007823076	-3.9106407933960
193.71308108108	-18.274765403901	-1.9212972962762
193.96931531532	-18.717969338963	0.54671583723158
194.22554954955	-18.400042173500	3.1288746314409
194.48178378378	-17.392902219313	5.3449789492862
194.73801801802	-16.101036072950	6.9053023164093
194.99425225225	-15.011762231705	7.9054701594419
195.25048648649	-14.377167008905	8.7652233796603
195.50672072072	-14.048172785157	9.9455111437670
195.76295495495	-13.577159741178	11.635748372794
196.01918918919	-12.518522616531	13.623420809885
196.27542342342	-10.722675950021	15.429267223446
196.53165765766	-8.4312893804455	16.609859479909
196.78789189189	-6.1231617713050	17.024963975330
197.04412612613	-4.2240984564828	16.905156600903
197.30036036036	-2.8680696662906	16.695833262789
197.55659459459	-1.8436211452988	16.791583663860
197.81282882883	-0.73297605265875	17.321976016992
198.06906306306	0.85581094364139	18.094066910007
198.32529729730	3.0910672086449	18.695630716160
198.58153153153	5.8363630393339	18.687242962497
198.83776576577	8.6999755913320	17.793129927685
199.09400000000	11.181289681569	16.023931381810
199.35023423423	12.861837491854	13.695903909610
199.60646846847	13.581957500814	11.335653091859
199.86270270270	13.538274378107	9.4868391413764
200.11893693694	13.244620119681	8.4758564752100
200.37517117117	13.340381426990	8.2335243332710
200.63140540541	14.304193971572	8.2741599464312
200.88763963964	16.200071670511	7.8763794691716
201.14387387387	18.595063610180	6.4069073506599
201.40010810811	20.716573407173	3.6368259479135
201.65634234234	21.792302979387	-0.11734132279058
201.91257657658	21.408320107980	-4.1146017934225
202.16881081081	19.700302666696	-7.5206964310964
202.42504504505	17.278183239080	-9.7819257857581
202.68127927928	14.927661124062	-10.851528001619
202.93751351351	13.248731635023	-11.162973899442
203.19374774775	12.413922521003	-11.383627733575
203.44998198198	12.149445772577	-12.092162132889
203.70621621622	11.915608013163	-13.542772756102
203.96245045045	11.167571477568	-15.607721259244
204.21868468468	9.5647216933569	-17.882567125231
204.47491891892	7.0583105694022	-19.866017299246
204.73115315315	3.8674255922310	-21.124632871351
204.98738738739	0.39510664667004	-21.401980157129
205.24362162162	-2.8767333979130	-20.678665485768
205.49985585586	-5.5097322259066	-19.194125205603
205.75609009009	-7.2522501982060	-17.411069860001
206.01232432432	-8.1694386740531	-15.886587678879
206.26855855856	-8.6803147991899	-15.050850176683
206.52479279279	-9.4270316481814	-14.974135441554
206.78102702703	-10.984680129154	-15.261136175989
207.03726126126	-13.538676344557	-15.180497637195
207.29349549550	-16.720619158230	-14.009882082013
207.54972972973	-19.733879708005	-11.427365869063
207.80596396396	-21.734238870746	-7.7188791141893
208.06219819820	-22.262685836032	-3.6596307497799
208.31843243243	-21.477397691383	-0.12096717232076
208.57466666667	-20.045059394064	2.3732708932227
208.83090090090	-18.758369031856	3.8839504681414
209.08713513514	-18.109429156536	4.9606509585723
209.34336936937	-18.062068853319	6.2893372007397
209.59960360360	-18.130529081397	8.3022226084308
209.85583783784	-17.687120818172	10.964910777244
210.11207207207	-16.307447737833	13.828978285682
210.36830630631	-13.974009133021	16.284862072152
210.62454054054	-11.062624910550	17.863600278151
210.88077477477	-8.1503135389410	18.444804363868
211.13700900901	-5.7482990304666	18.295822405684
211.39324324324	-4.0727089340138	17.940993693234
211.64947747748	-2.9425874544567	17.915438651322
211.90571171171	-1.8556323147034	18.498219456984
212.16194594595	-0.23111995599415	19.544198478300
212.41818018018	2.2730248889179	20.518198500448
212.67441441441	5.5303072004862	20.753449624503
212.93064864865	8.9569805792804	19.826275110251
213.18688288288	11.803510802991	17.836513539253
213.44311711712	13.588295951087	15.397919793110
213.69935135135	14.412811039797	13.299845457509
213.95558558559	14.934033242506	12.018357450346
214.21181981982	15.971341090039	11.382936300595
214.46805405405	17.970692027561	10.635892963897
214.72428828829	20.667301385117	8.8796650408980
214.98052252252	23.181804572347	5.6467208674103
215.23675675676	24.511000006375	1.2295734801706
215.49299099099	24.113330532331	-3.4488350258935
215.74922522523	22.220641962258	-7.3503106547253
216.00545945946	19.681681548277	-9.8992965397173
216.26169369369	17.443643174431	-11.263616929257
216.51792792793	16.005171282958	-12.175233104921
216.77416216216	15.180329636280	-13.424596962702
217.03039639640	14.301486298670	-15.362027376893
217.28663063063	12.705232595992	-17.717846234709
217.54286486486	10.174512637951	-19.833934166485
217.79909909910	7.0554653716147	-21.132062754953
218.05533333333	3.9898804061925	-21.500605509013
218.31156756757	1.4552353949623	-21.346223833561
218.56780180180	-0.57511796684314	-21.281817317706
218.82403603604	-2.6206341383631	-21.660507669138
219.08027027027	-5.3287270444157	-22.268080433673
219.33650450450	-8.9855004875913	-22.390191783064
219.59273873874	-13.221279302828	-21.235080683963
219.84897297297	-17.120900055138	-18.461982659050
220.10520720721	-19.703038398720	-14.482885948118
220.36144144144	-20.498087254458	-10.326296393892
220.61767567568	-19.874818475953	-7.1094139225690
220.87390990991	-18.896747380824	-5.4076110208471
221.13014414414	-18.758820323968	-4.8897926667531
221.38637837838	-20.106823678654	-4.4511897750618
221.64261261261	-22.625291822110	-2.7958555461424
221.89884684685	-25.140987903384	0.83972331293600
222.15508108108	-26.204541812272	6.2205871277361
222.41131531532	-24.844461867920	12.168804101780
222.66754954955	-21.088204826774	17.120403470758
222.92378378378	-15.969833892345	19.890160683622
223.18001801802	-11.021628893191	20.239568669821
223.43625225225	-7.5228861910252	18.953213448347
223.69248648649	-5.9029537922529	17.395452171430
223.94872072072	-5.6039134184409	16.795111591300
224.20495495495	-5.4557882920908	17.642440253262
224.46118918919	-4.3430573597825	19.509972155479
224.71742342342	-1.7931865456845	21.370966652158
224.97365765766	1.8267312692681	22.217133690115
225.22989189189	5.5932528664480	21.619705037989
225.48612612613	8.6068956680189	19.920350177352
225.74236036036	10.521769961017	17.957231877175
225.99859459459	11.712410495693	16.503922425724
226.25482882883	12.984460168804	15.768339821829
226.51106306306	15.013443784208	15.262683146547
226.76729729730	17.867043056982	14.128164399754
227.02353153153	20.920992587018	11.711578162185
227.27976576577	23.233985509801	8.0215128411427
227.53600000000	24.147559588582	3.7560288352729
227.79223423423	23.714807812129	-0.13484733397871
228.04846846847	22.655271442602	-3.0743551497700
228.30470270270	21.840332318752	-5.2467749748303
228.56093693694	21.641892511201	-7.4572028923317
228.81717117117	21.600844991159	-10.522228251104
229.07340540541	20.684458910869	-14.589786748018
229.32963963964	18.005787249394	-18.874636752109
229.58587387387	13.535111860158	-22.045795242601
229.84210810811	8.2932220762655	-23.060199073474
230.09834234234	3.8354526465783	-21.901141899237
230.35457657658	1.3169287191425	-19.699500559737
230.61081081081	0.74317656667924	-18.104381100183
230.86704504505	0.92199619307711	-18.277297091948
231.12327927928	0.18133853033975	-20.158778504550
231.37951351351	-2.5955128770968	-22.494754862918
231.63574774775	-7.2849348299636	-23.611351020639
231.89198198198	-12.622682509951	-22.432061508031
232.14821621622	-16.998997208824	-19.082923968775
232.40445045045	-19.410292692232	-14.726112636780
232.66068468468	-19.959492096223	-10.783646436887
232.91691891892	-19.636507272596	-8.0928600860204
233.17315315315	-19.598895751759	-6.5244530110520
233.42938738739	-20.464775700561	-5.2337481839195
233.68562162162	-22.047859485985	-3.2885948961822
233.94185585586	-23.611444818310	-0.22254845671660
234.19809009009	-24.375451253123	3.8018128613989
234.45432432432	-23.911552958425	8.2170037882043
234.71055855856	-22.227724463521	12.415480625647
234.96679279279	-19.601265598048	15.992880461702
235.22302702703	-16.362660397802	18.776646108543
235.47926126126	-12.786497066524	20.728562840620
235.73549549550	-9.0990085821109	21.861906411158
235.99172972973	-5.5120170946305	22.233824754721
236.24796396396	-2.2108922393616	21.970109511923
236.50419819820	0.69184031275732	21.255145154247
236.76043243243	3.1776862870249	20.278345992458
237.01666666667	5.2925676836702	19.188540158112
237.27290090090	7.1070835776166	18.097450895454
237.52913513514	8.7219583231993	17.105899130150
237.78536936937	10.312300885446	16.283676215268
238.04160360360	12.131316761742	15.577362850724
238.29783783784	14.399956111111	14.718686555069
238.55407207207	17.112054773873	13.257586286066
238.81030630631	19.899536464978	10.774853033878
239.06654054054	22.110828552875	7.1749343712805
239.32277477477	23.119501285712	2.8496002611773
239.57900900901	22.691491768875	-1.4488632494180
239.83524324324	21.154901459933	-4.9909214670492
240.09147747748	19.225283303005	-7.4743947871437
240.34771171171	17.577533121187	-9.1726427352476
240.60394594595	16.445855043411	-10.714176931378
240.86018018018	15.523896013797	-12.640992094902
241.11641441441	14.226062240627	-15.051420850235
241.37264864865	12.113470219409	-17.568224705187
241.62888288288	9.1776873535076	-19.631625121238
241.88511711712	5.7939609330341	-20.882601982673
242.14135135135	2.4094741333735	-21.350084168770
242.39758558559	-0.77372624247732	-21.320860175641
242.65381981982	-3.8726827065072	-21.021595120832
242.91005405405	-7.1083542878163	-20.384555398779
243.16628828829	-10.489294178803	-19.095437022034
243.42252252252	-13.666474295551	-16.892242105724
243.67875675676	-16.101049755904	-13.876286003258
243.93499099099	-17.440061562953	-10.571082095264
244.19122522523	-17.819090432339	-7.6455759201068
244.44745945946	-17.841892717966	-5.4739567145580
244.70369369369	-18.209746965638	-3.8457963795471
244.95992792793	-19.230982432150	-2.0579685208277
245.21616216216	-20.547877496506	0.63620565006508
245.47239639640	-21.291027547451	4.4989945356914
245.72863063063	-20.590767161577	9.0528156906866
245.98486486486	-18.130519555111	13.284079608811
246.24109909910	-14.386044956496	16.197070596115
246.49733333333	-10.388695846902	17.378143540661
246.75356756757	-7.1528307989233	17.219417294547
247.00980180180	-5.1186115840173	16.666214463932
247.26603603604	-3.9454059027652	16.650522038872
247.52227027027	-2.7644460792807	17.559233597955
247.77850450450	-0.71594431781811	19.046177685652
248.03473873874	2.5611205570116	20.269052325695
248.29097297297	6.7589562338651	20.374185882403
248.54720720721	11.104505524104	18.928784320158
248.80344144144	14.767666872609	16.074411665252
249.05967567568	17.218860367970	12.374179378852
249.31590990991	18.363989012342	8.5045692804753
249.57214414414	18.454185307430	4.9906194379442
249.82837837838	17.894951751860	2.0960551888981
250.08461261261	17.088318269269	-0.15219425289441
250.34084684685	16.355863325666	-1.8973417464814
250.59708108108	15.900919057806	-3.4077924234109
250.85331531532	15.753508603882	-5.0377077466859
251.10954954955	15.704583955131	-7.1326680896439
251.36578378378	15.307070740961	-9.8606453783541
251.62201801802	14.020216351284	-13.042126357539
251.87825225225	11.481859496352	-16.112869109156
252.13448648649	7.7738958341730	-18.309145334850
252.39072072072	3.4988911156063	-19.028550411039
252.64695495495	-0.43280168479063	-18.179875896160
252.90318918919	-3.2325185304671	-16.300411732544
253.15942342342	-4.6523897914125	-14.331513245454
253.41565765766	-5.1430000437414	-13.144169104837
253.67189189189	-5.6338925254832	-13.069015212471
253.92812612613	-7.0392333112548	-13.700414429905
254.18436036036	-9.7566737695056	-14.095054198452
254.44059459459	-13.436434209153	-13.260784059301
254.69682882883	-17.143979824425	-10.667807535771
254.95306306306	-19.818008871192	-6.5084632215017
255.20929729730	-20.768214041670	-1.5813321862951
255.46553153153	-19.951467149113	3.1141646198087
255.72176576577	-17.903507251043	6.8384838366204
255.97800000000	-15.396940060750	9.3854671715623
